-3317,-3317,-3317,-3317,-3317,-3317,-3317,-3317,-3317,-3317,-3317,-3317,-3317,-3317,-3317,-3317,-3317,-3317,-3317,-3317,-3317,-3317,-3317,-3317,-3317,-3317,-3317,-3317,-3317,-3317,-3317,-3317,-3317,-3317,-3317,-3317,-3317,-3317,-3317,-3317,-3317,-3317,-3317,-3317,-3317,-3317,-3317,-3317,-3317,-3317,-3317,-3317,-3317,-3317,-3317,-3317,-3317,-3317,-3297,-3307,-3307,-3307,-3288,-3298,-3298,-3298,-3278,-3292,-3292,-3292,-3292,-3292,-3292,-3292,-3292,-3292,-3292,-3292,-3292,-3292,-3292,-3292,-3292,-3292,-3292,-3292,-3292,-3292,-3292,-3292,-3292,-3292,-3292,-3292,-3292,-3272,-3283,-3283,-3283,-3283,-3283,-3263,-3253,-3265,-3265,-3265,-3265,-3265,-3265,-3265,-3265,-3265,-3265,-3265,-3265,-3265,-3265,-3265,-3265,-3265,-3265,-3245,-3256,-3256,-3236,-3246,-3246,-3246,-3226,-3236,-3216,-3226,-3226,-3207,-3217,-3217,-3217,-3217,-3217,-3217,-3217,-3217,-3217,-3217,-3217,-3217,-3217,-3198,-3188,-3198,-3198,-3198,-3198,-3178,-3190,-3190,-3190,-3190,-3190,-3190,-3190,-3190,-3190,-3190,-3190,-3190,-3190,-3190,-3170,-3184,-3184,-3184,-3184,-3184,-3184,-3184,-3184,-3184,-3184,-3184,-3184,-3164,-3176,-3176,-3176,-3176,-3176,-3176,-3176,-3156,-3168,-3168,-3168,-3168,-3168,-3168,-3168,-3168,-3148,-3159,-3159,-3159,-3139,-3130,-3120,-3110,-3121,-3121,-3121,-3121,-3121,-3101,-3091,-3082,-3092,-3092,-3072,-3063,-3053,-3064,-3064,-3064,-3064,-3044,-3054,-3035,-3045,-3025,-3015,-3026,-3026,-3026,-3006,-3018,-3018,-3018,-3018,-3018,-3018,-3018,-3018,-3018,-2998,-3009,-3009,-2989,-2999,-2999,-2979,-2990,-2990,-2970,-2981,-2981,-2981,-2981,-2961,-2951,-2941,-2951,-2951,-2931,-2944,-2944,-2944,-2944,-2944,-2944,-2944,-2944,-2944,-2944,-2944,-2944,-2944,-2944,-2925,-2935,-2935,-2916,-2927,-2927,-2927,-2927,-2927,-2907,-2897,-2888,-2898,-2878,-2890,-2890,-2890,-2890,-2890,-2890,-2870,-2880,-2880,-2860,-2871,-2871,-2871,-2871,-2852,-2862,-2842,-2852,-2852,-2832,-2844,-2844,-2844,-2844,-2844,-2844,-2844,-2844,-2844,-2825,-2835,-2835,-2835,-2815,-2826,-2826,-2826,-2806,-2817,-2797,-2787,-2798,-2798,-2798,-2778,-2768,-2758,-2749,-2759,-2759,-2740,-2750,-2731,-2721,-2731,-2712,-2723,-2723,-2723,-2723,-2703,-2714,-2714,-2714,-2714,-2695,-2706,-2706,-2706,-2686,-2696,-2676,-2687,-2687,-2687,-2668,-2678,-2678,-2658,-2649,-2659,-2639,-2649,-2630,-2620,-2630,-2630,-2611,-2622,-2622,-2622,-2602,-2592,-2602,-2583,-2573,-2563,-2554,-2544,-2554,-2534,-2524,-2536,-2536,-2536,-2536,-2536,-2536,-2516,-2526,-2506,-2517,-2517,-2497,-2507,-2507,-2487,-2498,-2498,-2498,-2498,-2498,-2498,-2479,-2469,-2479,-2459,-2469,-2450,-2461,-2461,-2461,-2461,-2442,-2453,-2453,-2453,-2433,-2444,-2424,-2414,-2426,-2426,-2426,-2426,-2406,-2417,-2397,-2387,-2378,-2368,-2379,-2379,-2379,-2359,-2350,-2360,-2340,-2351,-2351,-2351,-2331,-2342,-2342,-2322,-2312,-2303,-2293,-2283,-2273,-2264,-2254,-2244,-2234,-2245,-2245,-2225,-2235,-2215,-2225,-2205,-2196,-2186,-2176,-2166,-2176,-2156,-2166,-2146,-2136,-2147,-2147,-2147,-2147,-2147,-2127,-2117,-2127,-2107,-2117,-2117,-2097,-2107,-2087,-2097,-2077,-2069,-2080,-2065,-2077,-2077,-1628,-1609,-1604,-1619,-1619,-1600,-1595,-1611,-1611,-1611,-1611,-1591,-1587,-1602,-1582,-1577,-1593,-1573,-1588,-1568,-1584,-1564,-1579,-1560,-1555,-1550,-1567,-1567,-1567,-1547,-1563,-1563,-1563,-1563,-1544,-1539,-1535,-1530,-1525,-1521,-1537,-1537,-1537,-1517,-1533,-1533,-1533,-1513,-1508,-1504,-1499,-1515,-1515,-1515,-1515,-1495,-1491,-1486,-1501,-1501,-1482,-1497,-1497,-1478,-1473,-1488,-1468,-1483,-1464,-1479,-1479,-1479,-1479,-1460,-1455,-1450,-1466,-1466,-1446,-1441,-1436,-1431,-1447,-1427,-1422,-1437,-1418,-1433,-1413,-1409,-1425,-1425,-1425,-1406,-1422,-1422,-1402,-1398,-1393,-1409,-1389,-1405,-1405,-1385,-1401,-1401,-1382,-1397,-1377,-1373,-1388,-1369,-1364,-1359,-1355,-1350,-1345,-1341,-1336,-1331,-1347,-1327,-1322,-1317,-1313,-1308,-1323,-1304,-1319,-1299,-1294,-1290,-1285,-1300,-1300,-1281,-1276,-1272,-1267,-1263,-1258,-1254,-1249,-1245,-1240,-1256,-1256,-1236,-1232,-1227,-1223,-1218,-1213,-1229,-1229,-1209,-1225,-1205,-1221,-1201,-1217,-1217,-1197,-1213,-1213,-1193,-1188,-1183,-1179,-1174,-1190,-1190,-1170,-1165,-1160,-1156,-1171,-1151,-1166,-1147,-1142,-1157,-1137,-1133,-1148,-1128,-1144,-1124,-1139,-1120,-1115,-1111,-1106,-1122,-1102,-1097,-1113,-1093,-1089,-1104,-1084,-1100,-1080,-1075,-1071,-1066,-1062,-1077,-1058,-1074,-1074,-1074,-1074,-1055,-1070,-1050,-1046,-1041,-1036,-1032,-1027,-1022,-1018,-1033,-1013,-1009,-1004,-1019,-1000,-995,-1010,-990,-1006,-986,-981,-976,-972,-967,-962,-958,-953,-968,-949,-944,-960,-940,-935,-952,-952,-952,-952,-932,-947,-928,-943,-943,-924,-919,-935,-915,-911,-906,-901,-897,-892,-888,-883,-898,-879,-895,-895,-895,-895,-875,-871,-866,-861,-857,-852,-847,-843,-838,-833,-828,-844,-844,-825,-820,-816,-811,-807,-822,-803,-798,-794,-789,-784,-780,-796,-796,-776,-771,-767,-762,-758,-753,-748,-744,-739,-734,-750,-750,-730,-746,-746,-726,-722,-737,-737,-718,-713,-708,-704,-699,-694,-690,-685,-680,-676,-671,-666,-682,-662,-658,-673,-654,-649,-645,-640,-636,-631,-627,-622,-618,-613,-629,-609,-625,-605,-601,-616,-596,-592,-587,-583,-578,-573,-589,-569,-564,-560,-555,-550,-546,-561,-541,-537,-532,-527,-522,-518,-513,-508,-503,-519,-499,-494,-489,-484,-499,-480,-475,-470,-485,-465,-460,-455,-451,-446,-441,-436,-451,-431,-426,-421,-419,-419,-415,-411,0,0,0,0,0,0,0,0,0,0,0,0,0,0,0,0,0,0,0,0,0,0,0,0,0,0,0,0,0,0,0,0,0,0,0,0,0,0,0,0,0,0,0,0,0,0,0,0,0,0,0,0,0,0,0,0,0,0,0,0,0,0,0,0,0,0,0,0,0,0,0,0,0,0,0,0,0,0,0,0,0,0,0,0,0,0,0,0,0,0,0,0,0,0,0,0,0,0,0,0
-3327,-3327,-3327,-3327,-3327,-3327,-3327,-3327,-3327,-3327,-3327,-3327,-3327,-3327,-3327,-3327,-3327,-3327,-3327,-3327,-3327,-3327,-3327,-3327,-3327,-3327,-3327,-3327,-3327,-3327,-3327,-3327,-3327,-3327,-3327,-3327,-3327,-3327,-3327,-3327,-3327,-3327,-3327,-3327,-3327,-3327,-3327,-3327,-3327,-3327,-3327,-3327,-3327,-3327,-3327,-3327,-3327,-3327,-3327,-3318,-3318,-3318,-3318,-3312,-3312,-3312,-3312,-3303,-3303,-3303,-3303,-3303,-3303,-3303,-3303,-3303,-3303,-3303,-3303,-3303,-3303,-3303,-3303,-3303,-3303,-3303,-3303,-3303,-3303,-3303,-3303,-3303,-3303,-3303,-3303,-3303,-3293,-3293,-3293,-3293,-3293,-3293,-3285,-3275,-3275,-3275,-3275,-3275,-3275,-3275,-3276,-3276,-3276,-3276,-3276,-3276,-3276,-3276,-3276,-3276,-3276,-3276,-3266,-3266,-3266,-3256,-3256,-3256,-3256,-3246,-3246,-3237,-3237,-3237,-3227,-3227,-3227,-3227,-3227,-3227,-3227,-3227,-3227,-3227,-3227,-3228,-3228,-3228,-3218,-3210,-3210,-3210,-3210,-3210,-3203,-3203,-3203,-3203,-3203,-3203,-3203,-3203,-3203,-3203,-3204,-3204,-3204,-3204,-3204,-3196,-3196,-3196,-3196,-3196,-3196,-3196,-3196,-3196,-3196,-3196,-3196,-3196,-3188,-3188,-3188,-3188,-3188,-3188,-3188,-3188,-3179,-3179,-3179,-3179,-3179,-3179,-3179,-3179,-3179,-3169,-3169,-3169,-3169,-3160,-3150,-3141,-3131,-3131,-3131,-3131,-3131,-3131,-3121,-3112,-3102,-3102,-3102,-3093,-3084,-3074,-3074,-3074,-3074,-3074,-3065,-3065,-3055,-3055,-3046,-3038,-3038,-3038,-3038,-3028,-3028,-3028,-3029,-3029,-3029,-3029,-3029,-3029,-3029,-3019,-3019,-3019,-3010,-3010,-3010,-3001,-3001,-3001,-2991,-2991,-2991,-2991,-2991,-2981,-2971,-2964,-2964,-2964,-2955,-2955,-2955,-2955,-2955,-2955,-2955,-2955,-2955,-2955,-2955,-2955,-2955,-2955,-2955,-2947,-2947,-2947,-2937,-2937,-2937,-2937,-2937,-2937,-2927,-2918,-2910,-2910,-2900,-2900,-2900,-2900,-2900,-2900,-2900,-2891,-2891,-2891,-2882,-2882,-2882,-2882,-2882,-2872,-2872,-2864,-2864,-2864,-2855,-2855,-2855,-2855,-2855,-2855,-2855,-2855,-2855,-2855,-2846,-2846,-2846,-2846,-2837,-2837,-2837,-2837,-2827,-2827,-2818,-2808,-2808,-2808,-2808,-2798,-2788,-2779,-2770,-2770,-2770,-2761,-2761,-2751,-2743,-2743,-2734,-2734,-2734,-2734,-2734,-2726,-2726,-2726,-2726,-2726,-2716,-2716,-2716,-2716,-2707,-2707,-2698,-2698,-2698,-2698,-2688,-2688,-2688,-2679,-2669,-2669,-2660,-2660,-2650,-2642,-2642,-2642,-2632,-2632,-2632,-2632,-2622,-2613,-2613,-2603,-2593,-2584,-2574,-2564,-2564,-2556,-2546,-2546,-2546,-2546,-2546,-2546,-2546,-2537,-2537,-2527,-2527,-2527,-2518,-2518,-2518,-2509,-2509,-2509,-2509,-2509,-2509,-2509,-2499,-2489,-2489,-2481,-2481,-2473,-2473,-2473,-2473,-2473,-2464,-2464,-2464,-2464,-2454,-2454,-2446,-2437,-2437,-2437,-2437,-2437,-2427,-2427,-2417,-2408,-2399,-2389,-2389,-2389,-2389,-2380,-2371,-2371,-2362,-2362,-2362,-2362,-2352,-2352,-2352,-2342,-2333,-2323,-2313,-2303,-2294,-2284,-2274,-2265,-2255,-2255,-2255,-2245,-2245,-2235,-2235,-2226,-2216,-2206,-2196,-2186,-2186,-2176,-2176,-2167,-2157,-2157,-2157,-2157,-2157,-2157,-2147,-2137,-2137,-2127,-2127,-2127,-2117,-2117,-2107,-2107,-2100,-2097,-2097,-2087,-2087,-1644,-1644,-1639,-1635,-1635,-1635,-1631,-1626,-1626,-1626,-1626,-1626,-1622,-1617,-1617,-1613,-1608,-1608,-1604,-1604,-1599,-1599,-1595,-1595,-1590,-1587,-1583,-1583,-1583,-1583,-1579,-1579,-1579,-1579,-1579,-1574,-1570,-1565,-1560,-1557,-1553,-1553,-1553,-1553,-1548,-1548,-1548,-1548,-1543,-1539,-1535,-1530,-1530,-1530,-1530,-1530,-1526,-1521,-1517,-1517,-1517,-1512,-1512,-1512,-1508,-1503,-1503,-1499,-1499,-1495,-1495,-1495,-1495,-1495,-1490,-1486,-1481,-1481,-1481,-1476,-1471,-1467,-1462,-1462,-1457,-1453,-1453,-1448,-1448,-1445,-1442,-1442,-1442,-1442,-1437,-1437,-1437,-1433,-1429,-1425,-1425,-1421,-1421,-1421,-1417,-1417,-1417,-1412,-1412,-1408,-1404,-1404,-1399,-1394,-1390,-1385,-1380,-1376,-1371,-1367,-1362,-1362,-1357,-1352,-1348,-1343,-1339,-1339,-1334,-1334,-1329,-1325,-1320,-1316,-1316,-1316,-1311,-1307,-1302,-1298,-1293,-1289,-1284,-1280,-1276,-1271,-1271,-1271,-1267,-1262,-1258,-1253,-1249,-1245,-1245,-1245,-1241,-1241,-1237,-1237,-1232,-1232,-1232,-1228,-1228,-1228,-1223,-1218,-1214,-1210,-1205,-1205,-1205,-1200,-1195,-1191,-1186,-1186,-1181,-1181,-1177,-1172,-1172,-1168,-1163,-1164,-1159,-1159,-1155,-1155,-1150,-1146,-1142,-1137,-1137,-1133,-1128,-1128,-1124,-1120,-1120,-1115,-1115,-1110,-1106,-1101,-1097,-1094,-1094,-1090,-1090,-1090,-1090,-1090,-1085,-1085,-1081,-1076,-1071,-1067,-1062,-1057,-1053,-1048,-1048,-1044,-1039,-1035,-1035,-1030,-1026,-1026,-1021,-1021,-1016,-1011,-1006,-1002,-997,-993,-988,-984,-984,-980,-975,-975,-972,-967,-967,-967,-967,-967,-963,-963,-959,-959,-959,-955,-950,-950,-946,-941,-936,-932,-927,-923,-918,-915,-915,-910,-910,-910,-910,-910,-906,-901,-896,-892,-887,-882,-878,-873,-868,-864,-860,-860,-860,-855,-851,-846,-842,-838,-838,-833,-829,-824,-819,-816,-811,-811,-811,-806,-802,-797,-793,-788,-783,-779,-774,-770,-766,-766,-766,-761,-761,-761,-757,-753,-753,-753,-748,-743,-739,-734,-729,-725,-720,-715,-711,-706,-702,-697,-697,-693,-689,-689,-684,-680,-675,-671,-666,-662,-657,-653,-649,-645,-645,-640,-640,-636,-631,-631,-627,-622,-618,-613,-609,-604,-604,-599,-595,-590,-585,-581,-576,-576,-572,-567,-562,-557,-553,-548,-543,-539,-534,-534,-529,-524,-519,-515,-515,-510,-505,-500,-500,-495,-490,-486,-481,-476,-471,-466,-466,-461,-456,-454,-454,-450,-446,-19,-19,-19,-19,-19,-19,-19,-19,-19,-19,-19,-19,-19,-19,-19,-19,-19,-19,-19,-19,-19,-19,-19,-19,-19,-19,-19,-19,-19,-19,-19,-19,-19,-19,-19,-19,-19,-19,-19,-19,-19,-19,-19,-19,-19,-19,-19,-19,-19,-19,-19,-19,-19,-19,-19,-19,-19,-19,-19,-19,-19,-19,-19,-19,-19,-19,-19,-19,-19,-19,-19,-19,-19,-19,-19,-19,-19,-19,-19,-19,-19,-19,-19,-19,-19,-19,-19,-19,-19,-19,-19,-19,-19,-19,-19,-19,-19,-19,-19,0
-3337,-3337,-3337,-3337,-3337,-3337,-3337,-3337,-3337,-3337,-3337,-3337,-3337,-3337,-3337,-3337,-3337,-3337,-3337,-3337,-3337,-3337,-3337,-3337,-3337,-3337,-3337,-3337,-3337,-3337,-3337,-3337,-3337,-3337,-3337,-3337,-3337,-3337,-3338,-3338,-3338,-3338,-3338,-3338,-3338,-3338,-3338,-3338,-3338,-3338,-3338,-3338,-3338,-3338,-3338,-3338,-3338,-3338,-3338,-3332,-3332,-3332,-3332,-3322,-3323,-3323,-3323,-3312,-3312,-3312,-3312,-3312,-3312,-3312,-3312,-3313,-3313,-3313,-3313,-3313,-3313,-3313,-3313,-3313,-3313,-3313,-3313,-3313,-3313,-3313,-3313,-3313,-3313,-3313,-3313,-3313,-3305,-3305,-3305,-3305,-3305,-3305,-3295,-3286,-3286,-3286,-3286,-3286,-3286,-3286,-3286,-3286,-3286,-3286,-3286,-3286,-3286,-3286,-3286,-3286,-3286,-3286,-3276,-3276,-3276,-3266,-3266,-3266,-3266,-3257,-3257,-3247,-3247,-3247,-3238,-3238,-3238,-3238,-3238,-3238,-3238,-3238,-3238,-3238,-3238,-3238,-3238,-3238,-3230,-3223,-3223,-3223,-3223,-3223,-3215,-3215,-3215,-3215,-3215,-3215,-3215,-3215,-3215,-3215,-3215,-3216,-3216,-3216,-3216,-3208,-3208,-3208,-3208,-3208,-3208,-3208,-3208,-3208,-3208,-3208,-3208,-3208,-3199,-3199,-3199,-3199,-3199,-3199,-3199,-3199,-3189,-3189,-3189,-3189,-3189,-3189,-3189,-3189,-3189,-3179,-3180,-3180,-3180,-3170,-3161,-3151,-3141,-3141,-3141,-3141,-3141,-3141,-3132,-3122,-3113,-3113,-3113,-3104,-3094,-3085,-3085,-3085,-3085,-3085,-3075,-3075,-3066,-3066,-3058,-3048,-3048,-3048,-3048,-3039,-3039,-3039,-3039,-3039,-3039,-3039,-3039,-3039,-3039,-3030,-3030,-3030,-3020,-3020,-3021,-3011,-3011,-3011,-3001,-3001,-3001,-3001,-3001,-2991,-2984,-2975,-2975,-2975,-2967,-2967,-2967,-2967,-2967,-2967,-2967,-2967,-2967,-2967,-2967,-2967,-2967,-2967,-2967,-2957,-2957,-2957,-2947,-2947,-2947,-2947,-2947,-2947,-2938,-2930,-2920,-2920,-2911,-2911,-2911,-2911,-2911,-2911,-2911,-2902,-2902,-2902,-2892,-2892,-2892,-2892,-2892,-2884,-2884,-2875,-2875,-2875,-2866,-2866,-2866,-2866,-2866,-2866,-2866,-2866,-2866,-2866,-2856,-2856,-2856,-2856,-2847,-2847,-2847,-2847,-2837,-2837,-2828,-2818,-2818,-2818,-2818,-2808,-2799,-2790,-2780,-2780,-2780,-2771,-2771,-2763,-2754,-2754,-2745,-2745,-2745,-2745,-2746,-2736,-2736,-2736,-2736,-2736,-2727,-2727,-2727,-2727,-2718,-2718,-2708,-2708,-2708,-2708,-2699,-2699,-2699,-2689,-2680,-2680,-2670,-2670,-2662,-2652,-2652,-2652,-2642,-2642,-2642,-2642,-2633,-2623,-2623,-2613,-2604,-2594,-2584,-2576,-2576,-2566,-2557,-2557,-2557,-2557,-2557,-2557,-2557,-2547,-2547,-2538,-2538,-2538,-2528,-2529,-2529,-2519,-2519,-2519,-2519,-2519,-2519,-2519,-2509,-2501,-2501,-2493,-2493,-2483,-2483,-2484,-2484,-2484,-2474,-2474,-2474,-2474,-2466,-2466,-2457,-2447,-2447,-2447,-2447,-2447,-2437,-2437,-2428,-2419,-2409,-2400,-2400,-2400,-2400,-2391,-2382,-2382,-2372,-2372,-2372,-2372,-2362,-2362,-2362,-2353,-2343,-2333,-2323,-2314,-2304,-2294,-2285,-2275,-2265,-2265,-2265,-2255,-2255,-2246,-2246,-2236,-2226,-2216,-2206,-2196,-2196,-2187,-2187,-2177,-2167,-2167,-2167,-2167,-2167,-2167,-2157,-2147,-2147,-2137,-2137,-2137,-2127,-2127,-2120,-2120,-2117,-2107,-2107,-2097,-2097,-1659,-1659,-1655,-1651,-1651,-1651,-1646,-1642,-1642,-1642,-1642,-1642,-1637,-1633,-1633,-1628,-1624,-1624,-1619,-1619,-1614,-1614,-1610,-1610,-1606,-1603,-1599,-1599,-1599,-1599,-1594,-1594,-1594,-1594,-1594,-1590,-1585,-1580,-1576,-1573,-1568,-1568,-1568,-1568,-1563,-1563,-1563,-1563,-1559,-1555,-1550,-1546,-1546,-1546,-1546,-1546,-1541,-1537,-1532,-1532,-1532,-1528,-1528,-1528,-1523,-1519,-1519,-1515,-1515,-1510,-1510,-1510,-1510,-1510,-1506,-1501,-1496,-1496,-1496,-1491,-1487,-1482,-1477,-1477,-1473,-1468,-1468,-1465,-1465,-1462,-1457,-1457,-1457,-1457,-1453,-1453,-1453,-1449,-1445,-1441,-1441,-1437,-1437,-1437,-1432,-1432,-1432,-1428,-1428,-1424,-1419,-1419,-1414,-1410,-1405,-1400,-1396,-1391,-1387,-1382,-1377,-1377,-1372,-1368,-1363,-1359,-1354,-1354,-1349,-1349,-1345,-1340,-1336,-1331,-1331,-1331,-1327,-1322,-1318,-1313,-1309,-1304,-1300,-1296,-1291,-1287,-1287,-1287,-1282,-1278,-1273,-1269,-1265,-1260,-1260,-1260,-1256,-1256,-1252,-1252,-1248,-1248,-1248,-1243,-1243,-1243,-1238,-1234,-1230,-1225,-1220,-1220,-1220,-1215,-1211,-1206,-1201,-1201,-1197,-1197,-1192,-1188,-1188,-1183,-1179,-1179,-1175,-1175,-1170,-1170,-1166,-1162,-1157,-1153,-1153,-1148,-1144,-1144,-1140,-1135,-1135,-1130,-1130,-1126,-1121,-1117,-1114,-1110,-1110,-1105,-1105,-1105,-1105,-1105,-1101,-1101,-1096,-1091,-1087,-1082,-1077,-1073,-1068,-1064,-1064,-1059,-1054,-1050,-1050,-1046,-1041,-1041,-1036,-1036,-1031,-1026,-1022,-1017,-1013,-1008,-1004,-1000,-1000,-995,-992,-992,-987,-983,-983,-983,-983,-983,-979,-979,-975,-975,-975,-970,-966,-966,-961,-956,-952,-947,-943,-938,-935,-930,-930,-926,-926,-926,-926,-926,-921,-916,-912,-907,-902,-898,-893,-888,-884,-880,-875,-875,-875,-871,-866,-862,-858,-853,-853,-849,-844,-839,-836,-831,-826,-826,-826,-822,-817,-813,-808,-803,-799,-794,-790,-786,-781,-781,-781,-777,-777,-777,-773,-768,-768,-768,-763,-759,-754,-749,-745,-740,-735,-731,-726,-722,-717,-713,-713,-709,-704,-704,-700,-695,-691,-686,-682,-677,-673,-669,-665,-660,-660,-656,-656,-651,-647,-647,-642,-638,-633,-629,-624,-619,-619,-615,-610,-605,-601,-596,-592,-592,-587,-582,-577,-573,-568,-563,-558,-554,-549,-549,-544,-539,-535,-530,-530,-525,-520,-515,-515,-510,-506,-501,-496,-491,-486,-481,-481,-476,-474,-474,-470,-466,-461,-39,-39,-39,-39,-39,-39,-39,-39,-39,-39,-39,-39,-39,-39,-39,-39,-39,-39,-39,-39,-39,-39,-39,-39,-39,-39,-39,-39,-39,-39,-39,-39,-39,-39,-39,-39,-39,-39,-39,-39,-39,-39,-39,-39,-39,-39,-39,-39,-39,-39,-39,-39,-39,-39,-39,-39,-39,-39,-39,-39,-39,-39,-39,-39,-39,-39,-39,-39,-39,-39,-39,-39,-39,-39,-39,-39,-39,-39,-39,-39,-39,-39,-39,-39,-39,-39,-39,-39,-39,-39,-39,-39,-39,-39,-39,-39,-39,-39,-19,0
-3350,-3350,-3350,-3350,-3350,-3350,-3350,-3350,-3350,-3350,-3350,-3350,-3351,-3351,-3351,-3351,-3351,-3351,-3351,-3351,-3351,-3351,-3351,-3351,-3351,-3351,-3351,-3351,-3351,-3351,-3351,-3351,-3351,-3351,-3351,-3351,-3351,-3351,-3351,-3351,-3351,-3351,-3351,-3351,-3351,-3351,-3352,-3352,-3352,-3352,-3352,-3352,-3352,-3352,-3352,-3352,-3352,-3352,-3352,-3342,-3342,-3342,-3342,-3332,-3332,-3332,-3332,-3324,-3324,-3324,-3324,-3324,-3324,-3324,-3324,-3325,-3325,-3325,-3325,-3325,-3325,-3325,-3325,-3325,-3325,-3325,-3325,-3325,-3325,-3325,-3325,-3325,-3325,-3325,-3325,-3325,-3315,-3315,-3315,-3315,-3315,-3315,-3306,-3296,-3296,-3296,-3296,-3296,-3296,-3296,-3296,-3296,-3296,-3296,-3296,-3296,-3296,-3296,-3296,-3296,-3296,-3296,-3286,-3286,-3286,-3277,-3277,-3277,-3277,-3267,-3267,-3257,-3257,-3257,-3249,-3250,-3250,-3250,-3250,-3250,-3250,-3250,-3250,-3250,-3250,-3250,-3250,-3250,-3243,-3235,-3235,-3235,-3235,-3235,-3227,-3227,-3227,-3227,-3227,-3227,-3227,-3227,-3228,-3228,-3228,-3228,-3228,-3228,-3228,-3218,-3218,-3219,-3219,-3219,-3219,-3219,-3219,-3219,-3219,-3219,-3219,-3219,-3209,-3209,-3209,-3209,-3209,-3209,-3209,-3209,-3199,-3199,-3199,-3199,-3199,-3199,-3199,-3199,-3199,-3190,-3190,-3190,-3190,-3181,-3171,-3161,-3152,-3152,-3152,-3152,-3152,-3152,-3142,-3133,-3124,-3124,-3124,-3114,-3105,-3095,-3095,-3095,-3095,-3095,-3086,-3086,-3078,-3078,-3068,-3059,-3059,-3059,-3059,-3049,-3049,-3049,-3049,-3049,-3049,-3049,-3050,-3050,-3050,-3040,-3040,-3040,-3031,-3031,-3031,-3021,-3021,-3021,-3011,-3011,-3011,-3011,-3011,-3004,-2995,-2987,-2987,-2987,-2977,-2977,-2977,-2977,-2977,-2977,-2977,-2977,-2977,-2977,-2977,-2977,-2977,-2977,-2977,-2967,-2967,-2967,-2958,-2958,-2958,-2958,-2958,-2958,-2949,-2940,-2931,-2931,-2921,-2921,-2921,-2921,-2922,-2922,-2922,-2912,-2912,-2912,-2904,-2904,-2904,-2904,-2904,-2895,-2895,-2886,-2886,-2886,-2876,-2876,-2876,-2876,-2876,-2876,-2876,-2876,-2876,-2876,-2867,-2867,-2867,-2867,-2857,-2857,-2857,-2857,-2848,-2848,-2838,-2828,-2828,-2828,-2828,-2819,-2810,-2800,-2791,-2791,-2791,-2783,-2783,-2774,-2765,-2765,-2756,-2756,-2756,-2756,-2756,-2747,-2747,-2747,-2747,-2747,-2738,-2738,-2738,-2738,-2728,-2728,-2719,-2719,-2719,-2719,-2709,-2709,-2709,-2700,-2690,-2690,-2681,-2682,-2672,-2662,-2662,-2662,-2653,-2653,-2653,-2653,-2643,-2633,-2633,-2623,-2614,-2604,-2596,-2586,-2586,-2577,-2567,-2567,-2567,-2567,-2567,-2567,-2567,-2558,-2558,-2548,-2548,-2548,-2539,-2539,-2539,-2529,-2529,-2529,-2529,-2529,-2529,-2529,-2521,-2513,-2513,-2503,-2503,-2494,-2494,-2494,-2494,-2494,-2486,-2486,-2486,-2486,-2476,-2476,-2467,-2457,-2457,-2457,-2457,-2457,-2448,-2448,-2439,-2429,-2420,-2411,-2411,-2411,-2411,-2402,-2392,-2392,-2382,-2382,-2382,-2382,-2373,-2373,-2373,-2363,-2353,-2343,-2334,-2324,-2314,-2305,-2295,-2285,-2275,-2275,-2275,-2265,-2265,-2256,-2256,-2246,-2236,-2226,-2216,-2207,-2207,-2197,-2197,-2187,-2177,-2177,-2177,-2177,-2177,-2177,-2167,-2157,-2157,-2147,-2147,-2147,-2140,-2140,-2137,-2137,-2127,-2117,-2117,-2107,-2107,-1674,-1675,-1671,-1666,-1666,-1666,-1662,-1657,-1657,-1657,-1657,-1657,-1653,-1648,-1648,-1644,-1639,-1639,-1634,-1634,-1630,-1630,-1626,-1626,-1623,-1619,-1614,-1614,-1614,-1614,-1609,-1609,-1609,-1609,-1609,-1605,-1600,-1596,-1593,-1588,-1583,-1583,-1583,-1583,-1579,-1579,-1579,-1579,-1575,-1570,-1566,-1561,-1561,-1561,-1561,-1561,-1557,-1552,-1548,-1548,-1548,-1543,-1543,-1543,-1539,-1535,-1535,-1530,-1530,-1525,-1525,-1525,-1525,-1525,-1521,-1516,-1511,-1511,-1511,-1507,-1502,-1497,-1493,-1493,-1488,-1485,-1485,-1482,-1482,-1477,-1472,-1473,-1473,-1473,-1468,-1468,-1469,-1465,-1461,-1457,-1457,-1452,-1452,-1452,-1448,-1448,-1448,-1443,-1443,-1439,-1434,-1434,-1430,-1425,-1420,-1416,-1411,-1407,-1402,-1397,-1392,-1392,-1388,-1383,-1379,-1374,-1369,-1369,-1365,-1365,-1360,-1356,-1351,-1347,-1347,-1347,-1342,-1338,-1333,-1329,-1324,-1320,-1316,-1311,-1307,-1302,-1302,-1302,-1298,-1293,-1289,-1285,-1280,-1276,-1276,-1276,-1272,-1272,-1268,-1268,-1263,-1263,-1263,-1258,-1258,-1258,-1254,-1249,-1245,-1240,-1235,-1235,-1235,-1231,-1226,-1221,-1217,-1217,-1212,-1212,-1208,-1203,-1203,-1199,-1195,-1195,-1190,-1190,-1186,-1186,-1182,-1177,-1173,-1168,-1168,-1164,-1160,-1160,-1155,-1150,-1150,-1146,-1146,-1141,-1137,-1134,-1130,-1125,-1125,-1120,-1121,-1121,-1121,-1121,-1116,-1116,-1111,-1107,-1102,-1097,-1093,-1088,-1084,-1079,-1079,-1074,-1070,-1065,-1065,-1061,-1056,-1056,-1051,-1051,-1046,-1042,-1037,-1033,-1028,-1024,-1019,-1015,-1015,-1012,-1007,-1007,-1003,-999,-999,-999,-999,-999,-995,-995,-990,-990,-990,-986,-981,-981,-976,-972,-967,-963,-958,-955,-950,-946,-946,-941,-941,-941,-941,-941,-936,-932,-927,-922,-918,-913,-908,-904,-900,-895,-891,-891,-891,-886,-882,-878,-873,-869,-869,-864,-859,-856,-851,-846,-842,-842,-842,-837,-833,-828,-823,-819,-814,-810,-806,-801,-797,-797,-797,-793,-793,-793,-788,-783,-783,-783,-779,-774,-769,-765,-760,-755,-751,-746,-742,-737,-733,-729,-729,-724,-720,-720,-715,-711,-706,-702,-697,-693,-689,-685,-680,-676,-676,-671,-671,-667,-662,-662,-657,-653,-649,-644,-639,-635,-635,-630,-625,-621,-616,-611,-607,-607,-602,-597,-593,-588,-583,-578,-574,-569,-564,-564,-559,-555,-550,-545,-545,-540,-535,-530,-530,-526,-521,-516,-511,-506,-501,-496,-496,-494,-494,-490,-486,-481,-476,-59,-59,-59,-59,-59,-59,-59,-59,-59,-59,-59,-59,-59,-59,-59,-59,-59,-59,-59,-59,-59,-59,-59,-59,-59,-59,-59,-59,-59,-59,-59,-59,-59,-59,-59,-59,-59,-59,-59,-59,-59,-59,-59,-59,-59,-59,-59,-59,-59,-59,-59,-59,-59,-59,-59,-59,-59,-59,-59,-59,-59,-59,-59,-59,-59,-59,-59,-59,-59,-59,-59,-59,-59,-59,-59,-59,-59,-59,-59,-59,-59,-59,-59,-59,-59,-59,-59,-59,-59,-59,-59,-59,-59,-59,-59,-59,-59,-39,-19,0
-3360,-3360,-3360,-3360,-3360,-3360,-3360,-3360,-3360,-3360,-3360,-3360,-3360,-3361,-3361,-3361,-3361,-3361,-3361,-3361,-3361,-3361,-3361,-3361,-3361,-3361,-3361,-3361,-3361,-3361,-3361,-3361,-3361,-3361,-3361,-3361,-3361,-3361,-3362,-3362,-3362,-3362,-3362,-3362,-3362,-3362,-3362,-3362,-3362,-3362,-3362,-3362,-3362,-3362,-3362,-3362,-3362,-3362,-3362,-3352,-3352,-3352,-3352,-3344,-3344,-3344,-3344,-3334,-3334,-3334,-3334,-3334,-3334,-3334,-3334,-3334,-3334,-3334,-3335,-3335,-3335,-3335,-3335,-3335,-3335,-3335,-3335,-3335,-3335,-3335,-3335,-3335,-3335,-3335,-3335,-3335,-3325,-3325,-3325,-3325,-3326,-3326,-3316,-3306,-3306,-3306,-3306,-3306,-3306,-3306,-3306,-3306,-3306,-3306,-3306,-3306,-3306,-3306,-3306,-3306,-3306,-3306,-3297,-3297,-3297,-3287,-3287,-3287,-3287,-3277,-3277,-3269,-3269,-3269,-3263,-3263,-3263,-3263,-3263,-3263,-3263,-3263,-3263,-3263,-3263,-3263,-3263,-3263,-3255,-3247,-3247,-3247,-3247,-3247,-3238,-3238,-3238,-3238,-3238,-3238,-3238,-3238,-3238,-3238,-3238,-3238,-3238,-3238,-3238,-3228,-3228,-3228,-3228,-3229,-3229,-3229,-3229,-3229,-3229,-3229,-3229,-3229,-3219,-3219,-3219,-3219,-3219,-3219,-3219,-3219,-3209,-3209,-3209,-3209,-3209,-3209,-3210,-3210,-3210,-3201,-3201,-3201,-3201,-3191,-3181,-3172,-3162,-3162,-3162,-3162,-3162,-3162,-3153,-3144,-3134,-3134,-3134,-3125,-3115,-3106,-3106,-3106,-3106,-3106,-3098,-3098,-3088,-3088,-3079,-3069,-3069,-3069,-3069,-3060,-3060,-3060,-3060,-3060,-3060,-3060,-3060,-3060,-3060,-3050,-3050,-3050,-3041,-3041,-3041,-3031,-3031,-3031,-3024,-3024,-3024,-3024,-3024,-3015,-3006,-2997,-2997,-2997,-2987,-2987,-2987,-2987,-2987,-2987,-2987,-2987,-2987,-2987,-2987,-2987,-2987,-2987,-2987,-2978,-2978,-2978,-2969,-2969,-2969,-2969,-2969,-2969,-2960,-2951,-2941,-2941,-2932,-2932,-2932,-2932,-2932,-2932,-2932,-2924,-2924,-2924,-2915,-2915,-2915,-2915,-2915,-2906,-2906,-2896,-2896,-2896,-2886,-2886,-2886,-2886,-2886,-2886,-2886,-2886,-2886,-2886,-2877,-2877,-2877,-2877,-2867,-2867,-2868,-2868,-2858,-2858,-2848,-2839,-2839,-2839,-2839,-2830,-2820,-2811,-2803,-2803,-2803,-2794,-2794,-2785,-2776,-2776,-2767,-2767,-2767,-2767,-2767,-2758,-2758,-2758,-2758,-2758,-2748,-2748,-2748,-2748,-2739,-2739,-2729,-2729,-2729,-2729,-2720,-2720,-2720,-2710,-2701,-2701,-2692,-2692,-2682,-2672,-2673,-2673,-2663,-2663,-2663,-2663,-2653,-2643,-2643,-2634,-2624,-2616,-2606,-2596,-2596,-2587,-2578,-2578,-2578,-2578,-2578,-2578,-2578,-2568,-2568,-2559,-2559,-2559,-2549,-2549,-2549,-2541,-2541,-2541,-2541,-2541,-2541,-2541,-2533,-2523,-2523,-2514,-2514,-2505,-2506,-2506,-2506,-2506,-2496,-2496,-2496,-2496,-2487,-2487,-2477,-2467,-2467,-2467,-2467,-2468,-2459,-2459,-2449,-2440,-2431,-2422,-2422,-2422,-2422,-2412,-2402,-2402,-2392,-2392,-2392,-2393,-2383,-2383,-2383,-2373,-2363,-2354,-2344,-2334,-2324,-2315,-2305,-2295,-2285,-2285,-2285,-2276,-2276,-2266,-2266,-2256,-2246,-2236,-2227,-2217,-2217,-2207,-2207,-2197,-2187,-2187,-2187,-2187,-2187,-2187,-2177,-2167,-2167,-2160,-2160,-2160,-2157,-2157,-2147,-2147,-2137,-2127,-2127,-2117,-2117,-1691,-1691,-1686,-1682,-1682,-1682,-1677,-1672,-1672,-1672,-1672,-1672,-1668,-1663,-1663,-1659,-1654,-1654,-1650,-1650,-1646,-1646,-1643,-1643,-1639,-1634,-1629,-1629,-1629,-1629,-1625,-1625,-1625,-1625,-1625,-1620,-1616,-1613,-1608,-1603,-1598,-1598,-1598,-1598,-1595,-1595,-1595,-1595,-1590,-1586,-1581,-1577,-1577,-1577,-1577,-1577,-1572,-1568,-1563,-1563,-1563,-1559,-1559,-1559,-1555,-1550,-1550,-1545,-1545,-1540,-1541,-1541,-1541,-1541,-1536,-1531,-1527,-1527,-1527,-1522,-1517,-1513,-1508,-1508,-1505,-1502,-1502,-1497,-1497,-1492,-1488,-1488,-1488,-1488,-1485,-1485,-1485,-1481,-1477,-1472,-1472,-1468,-1468,-1468,-1463,-1463,-1463,-1459,-1459,-1454,-1450,-1450,-1445,-1440,-1436,-1431,-1427,-1422,-1417,-1412,-1408,-1408,-1403,-1399,-1394,-1389,-1385,-1385,-1380,-1380,-1376,-1371,-1367,-1362,-1362,-1362,-1358,-1353,-1349,-1344,-1340,-1336,-1331,-1327,-1322,-1317,-1318,-1318,-1313,-1309,-1305,-1300,-1296,-1292,-1292,-1292,-1288,-1288,-1283,-1283,-1278,-1278,-1278,-1274,-1274,-1274,-1269,-1265,-1260,-1255,-1251,-1251,-1251,-1246,-1241,-1237,-1232,-1232,-1228,-1228,-1223,-1219,-1219,-1215,-1210,-1210,-1206,-1206,-1201,-1201,-1197,-1193,-1188,-1184,-1184,-1180,-1175,-1175,-1170,-1166,-1166,-1161,-1161,-1157,-1154,-1150,-1145,-1140,-1140,-1136,-1136,-1136,-1136,-1136,-1131,-1131,-1127,-1122,-1117,-1113,-1108,-1104,-1099,-1094,-1094,-1090,-1085,-1081,-1081,-1076,-1071,-1071,-1066,-1066,-1062,-1057,-1053,-1048,-1044,-1039,-1035,-1032,-1032,-1027,-1023,-1023,-1019,-1014,-1014,-1014,-1015,-1015,-1010,-1010,-1005,-1005,-1005,-1001,-996,-996,-992,-987,-983,-978,-975,-970,-966,-961,-961,-956,-956,-956,-956,-956,-952,-947,-942,-938,-933,-928,-924,-920,-915,-911,-906,-906,-906,-902,-898,-893,-888,-884,-884,-879,-876,-871,-866,-862,-857,-857,-857,-852,-848,-843,-839,-834,-830,-826,-821,-817,-812,-813,-813,-808,-808,-808,-803,-799,-799,-799,-794,-789,-785,-780,-775,-771,-766,-761,-757,-753,-749,-744,-744,-740,-735,-735,-731,-726,-722,-717,-713,-709,-705,-700,-696,-691,-691,-687,-687,-682,-677,-677,-673,-669,-664,-659,-655,-650,-650,-645,-641,-636,-631,-627,-622,-622,-617,-613,-608,-603,-598,-594,-589,-584,-579,-579,-575,-570,-565,-560,-560,-555,-550,-545,-545,-541,-536,-531,-526,-521,-516,-514,-514,-514,-510,-506,-501,-496,-491,-79,-79,-79,-79,-79,-79,-79,-79,-79,-79,-79,-79,-79,-79,-79,-79,-79,-79,-79,-79,-79,-79,-79,-79,-79,-79,-79,-79,-79,-79,-79,-79,-79,-79,-79,-79,-79,-79,-79,-79,-79,-79,-79,-79,-79,-79,-79,-79,-79,-79,-79,-79,-79,-79,-79,-79,-79,-79,-79,-79,-79,-79,-79,-79,-79,-79,-79,-79,-79,-79,-79,-79,-79,-79,-79,-79,-79,-79,-79,-79,-79,-79,-79,-79,-79,-79,-79,-79,-79,-79,-79,-79,-79,-79,-79,-79,-59,-39,-19,0
-3369,-3369,-3369,-3369,-3369,-3369,-3369,-3369,-3370,-3370,-3370,-3370,-3370,-3370,-3370,-3370,-3370,-3370,-3370,-3370,-3370,-3370,-3370,-3370,-3370,-3370,-3370,-3370,-3371,-3371,-3371,-3371,-3371,-3371,-3371,-3371,-3371,-3371,-3371,-3371,-3371,-3371,-3371,-3371,-3371,-3371,-3371,-3371,-3372,-3372,-3372,-3372,-3372,-3372,-3372,-3372,-3372,-3372,-3372,-3364,-3364,-3364,-3364,-3354,-3354,-3354,-3354,-3344,-3344,-3344,-3344,-3344,-3344,-3344,-3344,-3344,-3344,-3344,-3344,-3345,-3345,-3345,-3345,-3345,-3345,-3345,-3345,-3345,-3345,-3345,-3345,-3345,-3345,-3345,-3345,-3345,-3335,-3335,-3335,-3335,-3335,-3335,-3325,-3316,-3316,-3316,-3316,-3316,-3316,-3317,-3317,-3317,-3317,-3317,-3317,-3317,-3317,-3317,-3317,-3317,-3317,-3317,-3307,-3307,-3307,-3297,-3297,-3297,-3297,-3289,-3289,-3283,-3283,-3283,-3274,-3274,-3275,-3275,-3275,-3275,-3275,-3275,-3275,-3275,-3275,-3275,-3275,-3275,-3267,-3258,-3258,-3258,-3258,-3258,-3248,-3248,-3248,-3248,-3248,-3248,-3248,-3248,-3248,-3248,-3248,-3248,-3248,-3248,-3248,-3238,-3238,-3238,-3238,-3238,-3238,-3239,-3239,-3239,-3239,-3239,-3239,-3239,-3229,-3229,-3229,-3229,-3229,-3229,-3229,-3229,-3220,-3220,-3221,-3221,-3221,-3221,-3221,-3221,-3221,-3211,-3211,-3211,-3211,-3201,-3192,-3182,-3172,-3172,-3172,-3172,-3172,-3172,-3164,-3154,-3144,-3145,-3145,-3135,-3126,-3118,-3118,-3118,-3118,-3118,-3108,-3108,-3099,-3099,-3089,-3080,-3080,-3080,-3080,-3070,-3070,-3070,-3070,-3070,-3070,-3070,-3070,-3070,-3070,-3060,-3060,-3061,-3051,-3051,-3051,-3044,-3044,-3044,-3035,-3035,-3035,-3035,-3035,-3026,-3016,-3006,-3007,-3007,-2997,-2997,-2997,-2997,-2997,-2997,-2997,-2997,-2997,-2997,-2997,-2997,-2997,-2998,-2998,-2989,-2989,-2989,-2980,-2980,-2980,-2980,-2980,-2980,-2971,-2961,-2952,-2952,-2944,-2944,-2944,-2944,-2944,-2944,-2944,-2935,-2935,-2935,-2925,-2926,-2926,-2926,-2926,-2916,-2916,-2906,-2906,-2906,-2897,-2897,-2897,-2897,-2897,-2897,-2897,-2897,-2897,-2897,-2887,-2887,-2887,-2887,-2878,-2878,-2878,-2878,-2868,-2868,-2859,-2850,-2850,-2850,-2850,-2840,-2831,-2823,-2814,-2814,-2814,-2805,-2805,-2796,-2787,-2787,-2778,-2778,-2778,-2778,-2778,-2768,-2768,-2768,-2768,-2768,-2758,-2759,-2759,-2759,-2749,-2749,-2739,-2739,-2739,-2739,-2730,-2730,-2730,-2721,-2712,-2712,-2702,-2702,-2692,-2683,-2683,-2683,-2673,-2673,-2673,-2673,-2663,-2654,-2654,-2644,-2636,-2626,-2616,-2607,-2607,-2598,-2588,-2588,-2588,-2588,-2588,-2588,-2588,-2578,-2579,-2569,-2569,-2569,-2561,-2561,-2561,-2552,-2552,-2552,-2552,-2552,-2553,-2553,-2543,-2534,-2534,-2525,-2525,-2516,-2516,-2516,-2516,-2516,-2507,-2507,-2507,-2507,-2497,-2497,-2487,-2479,-2479,-2479,-2479,-2479,-2469,-2469,-2460,-2451,-2442,-2432,-2432,-2432,-2432,-2422,-2412,-2412,-2403,-2403,-2403,-2403,-2393,-2393,-2393,-2383,-2373,-2364,-2354,-2344,-2335,-2325,-2315,-2305,-2295,-2295,-2295,-2286,-2286,-2276,-2276,-2266,-2256,-2247,-2237,-2227,-2227,-2217,-2217,-2207,-2197,-2197,-2197,-2197,-2197,-2197,-2187,-2180,-2180,-2177,-2177,-2177,-2167,-2167,-2157,-2157,-2147,-2137,-2137,-2127,-2127,-1706,-1706,-1701,-1697,-1697,-1697,-1692,-1688,-1688,-1688,-1688,-1688,-1683,-1679,-1679,-1674,-1670,-1670,-1666,-1666,-1663,-1663,-1659,-1659,-1654,-1649,-1644,-1644,-1645,-1645,-1640,-1640,-1640,-1640,-1640,-1636,-1633,-1628,-1623,-1618,-1615,-1615,-1615,-1615,-1610,-1610,-1610,-1610,-1605,-1601,-1597,-1592,-1592,-1592,-1592,-1592,-1588,-1583,-1579,-1579,-1579,-1574,-1574,-1574,-1570,-1565,-1565,-1560,-1560,-1556,-1556,-1556,-1556,-1556,-1551,-1546,-1542,-1542,-1542,-1537,-1533,-1528,-1525,-1525,-1521,-1517,-1517,-1512,-1512,-1508,-1504,-1505,-1505,-1505,-1501,-1501,-1501,-1497,-1492,-1488,-1488,-1483,-1483,-1483,-1479,-1479,-1479,-1474,-1474,-1469,-1465,-1465,-1460,-1456,-1451,-1446,-1442,-1437,-1432,-1428,-1423,-1423,-1419,-1414,-1409,-1404,-1400,-1400,-1396,-1396,-1391,-1387,-1382,-1378,-1378,-1378,-1373,-1369,-1364,-1360,-1356,-1351,-1347,-1342,-1337,-1333,-1333,-1333,-1329,-1325,-1320,-1316,-1312,-1307,-1307,-1308,-1303,-1303,-1298,-1298,-1293,-1293,-1293,-1289,-1289,-1289,-1285,-1280,-1275,-1271,-1266,-1266,-1266,-1261,-1257,-1252,-1248,-1248,-1243,-1243,-1239,-1235,-1235,-1230,-1225,-1226,-1221,-1221,-1217,-1217,-1213,-1208,-1204,-1199,-1200,-1195,-1190,-1190,-1186,-1181,-1181,-1177,-1177,-1174,-1170,-1165,-1160,-1156,-1156,-1151,-1151,-1151,-1151,-1151,-1147,-1147,-1142,-1137,-1133,-1128,-1124,-1119,-1114,-1110,-1110,-1105,-1101,-1096,-1096,-1091,-1086,-1086,-1082,-1082,-1077,-1072,-1068,-1064,-1059,-1055,-1051,-1047,-1047,-1043,-1038,-1039,-1034,-1030,-1030,-1030,-1030,-1030,-1025,-1025,-1021,-1021,-1021,-1016,-1012,-1012,-1007,-1002,-998,-995,-990,-986,-981,-976,-976,-971,-971,-971,-972,-972,-967,-962,-957,-953,-948,-944,-940,-935,-931,-926,-922,-922,-922,-918,-913,-908,-904,-899,-899,-896,-891,-886,-882,-877,-872,-872,-872,-868,-863,-858,-854,-850,-846,-841,-837,-832,-828,-828,-828,-823,-823,-823,-818,-814,-814,-814,-809,-805,-800,-795,-790,-786,-781,-777,-773,-769,-764,-760,-760,-755,-751,-751,-746,-742,-737,-733,-729,-724,-720,-716,-711,-707,-707,-702,-702,-697,-693,-693,-689,-684,-679,-675,-670,-665,-665,-661,-656,-651,-647,-642,-637,-637,-632,-628,-623,-618,-614,-609,-604,-599,-594,-594,-590,-585,-580,-575,-575,-570,-565,-560,-561,-556,-551,-546,-541,-536,-534,-534,-534,-530,-526,-521,-516,-511,-506,-99,-99,-99,-99,-99,-99,-99,-99,-99,-99,-99,-99,-99,-99,-99,-99,-99,-99,-99,-99,-99,-99,-99,-99,-99,-99,-99,-99,-99,-99,-99,-99,-99,-99,-99,-99,-99,-99,-99,-99,-99,-99,-99,-99,-99,-99,-99,-99,-99,-99,-99,-99,-99,-99,-99,-99,-99,-99,-99,-99,-99,-99,-99,-99,-99,-99,-99,-99,-99,-99,-99,-99,-99,-99,-99,-99,-99,-99,-99,-99,-99,-99,-99,-99,-99,-99,-99,-99,-99,-99,-99,-99,-99,-99,-99,-79,-59,-39,-19,0
-3380,-3380,-3381,-3381,-3381,-3381,-3381,-3381,-3381,-3381,-3381,-3381,-3381,-3381,-3381,-3381,-3381,-3381,-3381,-3382,-3382,-3382,-3382,-3382,-3382,-3382,-3382,-3382,-3382,-3382,-3382,-3382,-3382,-3382,-3382,-3382,-3383,-3383,-3383,-3383,-3383,-3383,-3383,-3383,-3383,-3383,-3383,-3383,-3383,-3383,-3383,-3383,-3384,-3384,-3384,-3384,-3384,-3384,-3384,-3374,-3374,-3374,-3374,-3364,-3364,-3364,-3364,-3353,-3354,-3354,-3354,-3354,-3354,-3354,-3354,-3354,-3354,-3354,-3354,-3354,-3354,-3354,-3354,-3354,-3354,-3355,-3355,-3355,-3355,-3355,-3355,-3355,-3355,-3355,-3355,-3355,-3345,-3345,-3345,-3345,-3345,-3345,-3336,-3326,-3326,-3326,-3326,-3326,-3326,-3326,-3326,-3326,-3326,-3326,-3326,-3327,-3327,-3327,-3327,-3327,-3327,-3327,-3317,-3317,-3317,-3309,-3309,-3309,-3309,-3302,-3303,-3294,-3294,-3294,-3286,-3286,-3286,-3286,-3286,-3286,-3287,-3287,-3287,-3287,-3287,-3287,-3287,-3287,-3278,-3267,-3267,-3267,-3267,-3268,-3257,-3257,-3257,-3258,-3258,-3258,-3258,-3258,-3258,-3258,-3258,-3258,-3258,-3258,-3258,-3248,-3248,-3248,-3248,-3248,-3248,-3248,-3249,-3249,-3249,-3249,-3249,-3249,-3240,-3240,-3240,-3240,-3240,-3240,-3240,-3240,-3230,-3230,-3231,-3231,-3231,-3231,-3231,-3231,-3231,-3221,-3221,-3221,-3221,-3212,-3202,-3192,-3183,-3183,-3183,-3183,-3184,-3184,-3174,-3164,-3155,-3155,-3155,-3145,-3137,-3128,-3128,-3128,-3128,-3128,-3119,-3119,-3109,-3109,-3100,-3090,-3090,-3090,-3090,-3080,-3080,-3080,-3080,-3080,-3080,-3080,-3080,-3080,-3080,-3071,-3071,-3071,-3064,-3064,-3064,-3055,-3055,-3055,-3046,-3046,-3046,-3046,-3046,-3036,-3026,-3017,-3017,-3017,-3008,-3008,-3008,-3008,-3008,-3009,-3009,-3009,-3009,-3009,-3009,-3009,-3009,-3009,-3009,-3000,-3000,-3000,-2991,-2991,-2991,-2991,-2991,-2991,-2981,-2972,-2963,-2964,-2954,-2954,-2954,-2954,-2954,-2955,-2955,-2945,-2945,-2945,-2936,-2936,-2936,-2936,-2936,-2926,-2926,-2917,-2917,-2917,-2907,-2907,-2907,-2907,-2907,-2907,-2907,-2907,-2907,-2907,-2897,-2897,-2897,-2898,-2888,-2888,-2888,-2888,-2879,-2879,-2870,-2860,-2860,-2860,-2860,-2851,-2842,-2834,-2825,-2825,-2825,-2816,-2816,-2807,-2797,-2797,-2788,-2788,-2788,-2788,-2788,-2778,-2778,-2778,-2778,-2778,-2769,-2769,-2769,-2769,-2759,-2759,-2750,-2750,-2750,-2750,-2741,-2741,-2741,-2732,-2722,-2722,-2712,-2712,-2703,-2693,-2693,-2693,-2683,-2683,-2683,-2683,-2674,-2664,-2664,-2655,-2646,-2636,-2627,-2618,-2618,-2608,-2598,-2598,-2598,-2598,-2598,-2598,-2598,-2589,-2589,-2581,-2581,-2581,-2572,-2572,-2572,-2563,-2563,-2563,-2563,-2563,-2563,-2563,-2554,-2545,-2545,-2536,-2536,-2526,-2526,-2526,-2526,-2526,-2517,-2517,-2517,-2517,-2507,-2507,-2498,-2489,-2489,-2489,-2489,-2489,-2480,-2480,-2471,-2461,-2452,-2442,-2442,-2442,-2442,-2432,-2422,-2422,-2413,-2413,-2413,-2413,-2403,-2403,-2403,-2393,-2384,-2374,-2364,-2355,-2345,-2335,-2325,-2315,-2305,-2305,-2306,-2296,-2296,-2286,-2286,-2276,-2267,-2257,-2247,-2237,-2237,-2227,-2227,-2217,-2207,-2207,-2207,-2207,-2207,-2207,-2200,-2197,-2197,-2187,-2187,-2187,-2177,-2177,-2167,-2167,-2157,-2147,-2147,-2137,-2137,-1721,-1721,-1717,-1712,-1712,-1712,-1708,-1703,-1703,-1703,-1703,-1703,-1699,-1694,-1694,-1690,-1686,-1686,-1683,-1683,-1678,-1678,-1674,-1674,-1669,-1664,-1660,-1660,-1660,-1660,-1656,-1656,-1656,-1656,-1656,-1653,-1648,-1643,-1638,-1635,-1630,-1630,-1630,-1630,-1625,-1625,-1625,-1625,-1621,-1617,-1612,-1607,-1607,-1608,-1608,-1608,-1603,-1599,-1594,-1594,-1594,-1589,-1589,-1590,-1585,-1580,-1580,-1575,-1576,-1571,-1571,-1571,-1571,-1571,-1566,-1562,-1557,-1557,-1557,-1553,-1548,-1545,-1541,-1541,-1537,-1532,-1532,-1528,-1528,-1524,-1521,-1521,-1521,-1521,-1517,-1517,-1517,-1512,-1508,-1503,-1503,-1498,-1499,-1499,-1494,-1494,-1494,-1489,-1489,-1485,-1480,-1480,-1475,-1471,-1466,-1462,-1457,-1452,-1448,-1443,-1439,-1439,-1434,-1429,-1424,-1420,-1416,-1416,-1411,-1411,-1407,-1402,-1398,-1393,-1393,-1393,-1389,-1384,-1380,-1376,-1371,-1367,-1362,-1357,-1353,-1349,-1349,-1349,-1345,-1340,-1336,-1332,-1327,-1323,-1323,-1323,-1318,-1318,-1313,-1313,-1309,-1309,-1309,-1304,-1305,-1305,-1300,-1295,-1291,-1286,-1281,-1281,-1281,-1277,-1272,-1268,-1263,-1263,-1259,-1259,-1255,-1250,-1250,-1245,-1241,-1241,-1237,-1237,-1233,-1233,-1228,-1224,-1219,-1215,-1215,-1210,-1206,-1206,-1201,-1197,-1197,-1194,-1194,-1190,-1185,-1180,-1176,-1171,-1171,-1166,-1166,-1166,-1166,-1167,-1162,-1162,-1157,-1153,-1148,-1143,-1139,-1134,-1130,-1125,-1125,-1121,-1116,-1111,-1111,-1106,-1102,-1102,-1097,-1097,-1092,-1088,-1084,-1079,-1075,-1071,-1067,-1063,-1063,-1058,-1054,-1054,-1050,-1045,-1045,-1045,-1045,-1045,-1041,-1041,-1036,-1036,-1036,-1032,-1027,-1027,-1022,-1018,-1015,-1010,-1005,-1001,-996,-991,-991,-987,-987,-987,-987,-987,-982,-977,-973,-968,-964,-960,-955,-951,-946,-942,-937,-937,-938,-933,-928,-924,-919,-915,-915,-911,-906,-902,-897,-892,-888,-888,-888,-883,-878,-874,-870,-866,-861,-857,-852,-848,-843,-843,-843,-838,-838,-838,-834,-829,-829,-829,-824,-820,-815,-810,-806,-801,-797,-793,-789,-784,-780,-775,-775,-771,-766,-766,-762,-757,-753,-749,-744,-740,-736,-731,-726,-722,-722,-717,-717,-713,-708,-708,-704,-699,-694,-690,-685,-681,-681,-676,-671,-667,-662,-657,-652,-652,-648,-643,-638,-634,-629,-624,-619,-614,-610,-610,-605,-600,-595,-590,-590,-585,-580,-576,-576,-571,-566,-561,-556,-554,-554,-550,-550,-546,-541,-536,-531,-526,-521,-119,-119,-119,-119,-119,-119,-119,-119,-119,-119,-119,-119,-119,-119,-119,-119,-119,-119,-119,-119,-119,-119,-119,-119,-119,-119,-119,-119,-119,-119,-119,-119,-119,-119,-119,-119,-119,-119,-119,-119,-119,-119,-119,-119,-119,-119,-119,-119,-119,-119,-119,-119,-119,-119,-119,-119,-119,-119,-119,-119,-119,-119,-119,-119,-119,-119,-119,-119,-119,-119,-119,-119,-119,-119,-119,-119,-119,-119,-119,-119,-119,-119,-119,-119,-119,-119,-119,-119,-119,-119,-119,-119,-119,-119,-99,-79,-59,-39,-19,0
-3390,-3390,-3390,-3390,-3390,-3390,-3390,-3390,-3390,-3390,-3390,-3390,-3390,-3390,-3390,-3391,-3391,-3391,-3391,-3391,-3391,-3391,-3391,-3391,-3391,-3391,-3391,-3391,-3391,-3392,-3392,-3392,-3392,-3392,-3392,-3392,-3392,-3392,-3392,-3392,-3392,-3392,-3392,-3393,-3393,-3393,-3393,-3393,-3393,-3393,-3393,-3393,-3393,-3393,-3393,-3393,-3393,-3393,-3394,-3383,-3383,-3384,-3384,-3373,-3373,-3373,-3373,-3363,-3363,-3363,-3363,-3363,-3363,-3364,-3364,-3364,-3364,-3364,-3364,-3364,-3364,-3364,-3364,-3364,-3364,-3364,-3364,-3364,-3365,-3365,-3365,-3365,-3365,-3365,-3365,-3365,-3356,-3356,-3356,-3356,-3356,-3356,-3346,-3336,-3336,-3336,-3336,-3336,-3336,-3336,-3336,-3336,-3336,-3336,-3336,-3336,-3337,-3337,-3337,-3337,-3337,-3337,-3329,-3329,-3329,-3322,-3322,-3322,-3322,-3314,-3314,-3306,-3306,-3306,-3297,-3297,-3297,-3297,-3297,-3297,-3297,-3297,-3297,-3297,-3297,-3297,-3297,-3297,-3287,-3277,-3277,-3277,-3277,-3277,-3267,-3267,-3267,-3267,-3267,-3267,-3267,-3268,-3268,-3268,-3268,-3268,-3268,-3268,-3268,-3259,-3259,-3259,-3259,-3259,-3259,-3259,-3260,-3260,-3260,-3260,-3260,-3260,-3250,-3250,-3250,-3250,-3250,-3250,-3250,-3250,-3240,-3240,-3241,-3241,-3241,-3241,-3241,-3241,-3241,-3232,-3232,-3232,-3232,-3222,-3212,-3203,-3194,-3194,-3194,-3194,-3194,-3194,-3184,-3174,-3165,-3165,-3165,-3157,-3148,-3138,-3138,-3138,-3138,-3138,-3129,-3129,-3120,-3120,-3110,-3100,-3100,-3100,-3100,-3090,-3090,-3090,-3090,-3090,-3090,-3090,-3090,-3091,-3091,-3084,-3084,-3084,-3074,-3074,-3075,-3066,-3066,-3066,-3056,-3056,-3056,-3056,-3056,-3046,-3037,-3028,-3028,-3028,-3019,-3019,-3019,-3019,-3019,-3019,-3019,-3019,-3019,-3019,-3019,-3019,-3019,-3019,-3020,-3010,-3010,-3011,-3001,-3001,-3001,-3001,-3001,-3001,-2992,-2983,-2974,-2974,-2965,-2965,-2965,-2965,-2965,-2965,-2965,-2955,-2955,-2956,-2946,-2946,-2946,-2946,-2946,-2936,-2936,-2926,-2926,-2927,-2917,-2917,-2917,-2917,-2917,-2917,-2917,-2917,-2917,-2917,-2908,-2908,-2908,-2908,-2899,-2899,-2899,-2899,-2890,-2890,-2880,-2871,-2871,-2871,-2871,-2862,-2854,-2845,-2835,-2835,-2836,-2827,-2827,-2817,-2807,-2807,-2798,-2798,-2798,-2798,-2798,-2788,-2789,-2789,-2789,-2789,-2779,-2779,-2779,-2779,-2770,-2770,-2761,-2761,-2761,-2761,-2751,-2751,-2751,-2742,-2732,-2732,-2722,-2723,-2713,-2703,-2703,-2703,-2693,-2694,-2694,-2694,-2684,-2675,-2675,-2666,-2656,-2647,-2638,-2628,-2628,-2618,-2608,-2608,-2608,-2608,-2608,-2608,-2609,-2600,-2600,-2592,-2592,-2592,-2583,-2583,-2583,-2573,-2573,-2573,-2573,-2573,-2573,-2573,-2565,-2556,-2556,-2546,-2546,-2536,-2536,-2537,-2537,-2537,-2527,-2527,-2527,-2527,-2518,-2518,-2509,-2499,-2499,-2499,-2499,-2499,-2491,-2491,-2481,-2472,-2462,-2452,-2452,-2452,-2452,-2442,-2433,-2433,-2423,-2423,-2423,-2423,-2413,-2413,-2413,-2404,-2394,-2384,-2375,-2365,-2355,-2345,-2335,-2325,-2316,-2316,-2316,-2306,-2306,-2296,-2296,-2287,-2277,-2267,-2257,-2247,-2247,-2237,-2237,-2227,-2220,-2220,-2220,-2220,-2220,-2220,-2217,-2207,-2207,-2197,-2197,-2197,-2187,-2187,-2177,-2177,-2167,-2157,-2157,-2147,-2147,-1737,-1737,-1732,-1727,-1728,-1728,-1723,-1718,-1719,-1719,-1719,-1719,-1714,-1709,-1710,-1706,-1703,-1703,-1698,-1698,-1694,-1694,-1689,-1689,-1684,-1680,-1676,-1676,-1676,-1676,-1672,-1672,-1672,-1672,-1672,-1668,-1663,-1658,-1655,-1650,-1645,-1645,-1645,-1645,-1641,-1641,-1641,-1641,-1637,-1632,-1627,-1623,-1623,-1623,-1623,-1623,-1619,-1614,-1609,-1609,-1609,-1605,-1605,-1605,-1600,-1595,-1595,-1591,-1591,-1586,-1586,-1586,-1586,-1586,-1582,-1577,-1573,-1573,-1573,-1568,-1565,-1561,-1557,-1557,-1552,-1548,-1548,-1544,-1544,-1541,-1536,-1536,-1536,-1536,-1532,-1532,-1532,-1528,-1523,-1518,-1518,-1514,-1514,-1514,-1509,-1509,-1509,-1505,-1505,-1500,-1495,-1495,-1491,-1486,-1482,-1477,-1472,-1467,-1463,-1458,-1454,-1454,-1449,-1444,-1440,-1436,-1431,-1431,-1427,-1427,-1422,-1418,-1413,-1408,-1409,-1409,-1404,-1399,-1396,-1391,-1387,-1382,-1377,-1373,-1369,-1364,-1364,-1365,-1360,-1356,-1352,-1347,-1343,-1338,-1338,-1338,-1333,-1333,-1329,-1329,-1324,-1324,-1324,-1320,-1320,-1320,-1315,-1310,-1306,-1301,-1297,-1297,-1297,-1292,-1287,-1283,-1279,-1279,-1274,-1274,-1270,-1265,-1265,-1261,-1257,-1257,-1252,-1252,-1248,-1248,-1244,-1239,-1235,-1230,-1230,-1225,-1221,-1221,-1217,-1214,-1214,-1210,-1210,-1205,-1200,-1196,-1191,-1186,-1186,-1181,-1182,-1182,-1182,-1182,-1177,-1177,-1173,-1168,-1163,-1159,-1154,-1150,-1145,-1140,-1140,-1136,-1131,-1126,-1126,-1121,-1117,-1117,-1112,-1112,-1108,-1104,-1099,-1095,-1091,-1087,-1083,-1078,-1078,-1074,-1070,-1070,-1065,-1060,-1060,-1060,-1060,-1061,-1056,-1056,-1051,-1051,-1052,-1047,-1042,-1042,-1038,-1035,-1030,-1025,-1021,-1016,-1011,-1006,-1007,-1002,-1002,-1002,-1002,-1002,-997,-993,-988,-984,-980,-975,-971,-966,-962,-957,-953,-953,-953,-948,-944,-939,-935,-931,-931,-926,-922,-917,-912,-908,-903,-903,-903,-898,-894,-890,-886,-881,-877,-872,-868,-863,-858,-858,-858,-854,-854,-854,-849,-844,-844,-844,-840,-835,-830,-826,-821,-817,-813,-808,-804,-800,-795,-791,-791,-786,-782,-782,-777,-773,-768,-764,-760,-756,-751,-746,-742,-737,-737,-733,-733,-728,-724,-724,-719,-714,-710,-705,-701,-696,-696,-691,-687,-682,-677,-672,-668,-668,-663,-658,-653,-649,-644,-639,-634,-629,-625,-625,-620,-615,-610,-605,-605,-600,-595,-591,-591,-586,-581,-576,-574,-574,-570,-566,-566,-561,-556,-551,-546,-541,-536,-139,-139,-139,-139,-139,-139,-139,-139,-139,-139,-139,-139,-139,-139,-139,-139,-139,-139,-139,-139,-139,-139,-139,-139,-139,-139,-139,-139,-139,-139,-139,-139,-139,-139,-139,-139,-139,-139,-139,-139,-139,-139,-139,-139,-139,-139,-139,-139,-139,-139,-139,-139,-139,-139,-139,-139,-139,-139,-139,-139,-139,-139,-139,-139,-139,-139,-139,-139,-139,-139,-139,-139,-139,-139,-139,-139,-139,-139,-139,-139,-139,-139,-139,-139,-139,-139,-139,-139,-139,-139,-139,-139,-139,-119,-99,-79,-59,-39,-19,0
-3399,-3399,-3399,-3399,-3399,-3399,-3399,-3399,-3399,-3399,-3399,-3400,-3400,-3400,-3400,-3400,-3400,-3400,-3400,-3400,-3400,-3400,-3400,-3401,-3401,-3401,-3401,-3401,-3401,-3401,-3401,-3401,-3401,-3401,-3401,-3401,-3402,-3402,-3402,-3402,-3402,-3402,-3402,-3402,-3402,-3402,-3402,-3402,-3403,-3403,-3403,-3403,-3403,-3403,-3403,-3403,-3403,-3403,-3403,-3393,-3393,-3393,-3393,-3383,-3383,-3383,-3383,-3373,-3373,-3374,-3374,-3374,-3374,-3374,-3374,-3374,-3374,-3374,-3374,-3374,-3374,-3375,-3375,-3375,-3375,-3375,-3375,-3375,-3375,-3375,-3375,-3375,-3375,-3375,-3376,-3376,-3365,-3365,-3365,-3366,-3366,-3366,-3356,-3347,-3347,-3347,-3348,-3348,-3348,-3348,-3348,-3348,-3348,-3348,-3348,-3348,-3348,-3348,-3348,-3349,-3349,-3349,-3342,-3342,-3342,-3334,-3334,-3334,-3334,-3326,-3326,-3316,-3316,-3316,-3306,-3306,-3306,-3306,-3306,-3307,-3307,-3307,-3307,-3307,-3307,-3307,-3307,-3307,-3297,-3287,-3287,-3287,-3287,-3287,-3278,-3278,-3278,-3278,-3278,-3278,-3278,-3278,-3278,-3279,-3279,-3279,-3279,-3279,-3279,-3269,-3269,-3269,-3269,-3269,-3269,-3269,-3269,-3269,-3270,-3270,-3270,-3270,-3260,-3260,-3260,-3260,-3260,-3260,-3260,-3260,-3251,-3251,-3251,-3251,-3251,-3251,-3251,-3251,-3251,-3242,-3242,-3242,-3242,-3232,-3223,-3214,-3204,-3204,-3204,-3204,-3204,-3204,-3194,-3185,-3177,-3177,-3177,-3168,-3158,-3148,-3149,-3149,-3149,-3149,-3139,-3140,-3129,-3130,-3119,-3110,-3110,-3110,-3110,-3103,-3103,-3103,-3103,-3103,-3103,-3103,-3103,-3104,-3104,-3094,-3094,-3094,-3086,-3086,-3086,-3076,-3076,-3076,-3066,-3066,-3066,-3066,-3066,-3057,-3048,-3038,-3038,-3038,-3029,-3029,-3029,-3029,-3030,-3030,-3030,-3030,-3030,-3030,-3030,-3030,-3030,-3030,-3030,-3021,-3021,-3021,-3011,-3011,-3011,-3011,-3011,-3011,-3003,-2994,-2985,-2985,-2975,-2975,-2975,-2975,-2975,-2975,-2975,-2965,-2965,-2965,-2956,-2956,-2956,-2956,-2956,-2946,-2946,-2936,-2936,-2937,-2927,-2927,-2927,-2927,-2927,-2927,-2927,-2927,-2927,-2927,-2918,-2919,-2919,-2919,-2909,-2909,-2909,-2910,-2900,-2900,-2891,-2882,-2882,-2882,-2882,-2874,-2865,-2855,-2846,-2846,-2846,-2837,-2837,-2827,-2818,-2818,-2808,-2808,-2808,-2808,-2808,-2799,-2799,-2799,-2799,-2799,-2789,-2790,-2790,-2790,-2781,-2781,-2771,-2771,-2771,-2771,-2762,-2762,-2762,-2752,-2742,-2742,-2733,-2733,-2723,-2713,-2713,-2713,-2704,-2704,-2704,-2704,-2695,-2686,-2686,-2676,-2667,-2658,-2648,-2638,-2638,-2628,-2620,-2620,-2620,-2620,-2620,-2620,-2620,-2612,-2612,-2602,-2602,-2603,-2593,-2593,-2593,-2585,-2585,-2585,-2585,-2585,-2585,-2585,-2576,-2566,-2566,-2556,-2556,-2546,-2547,-2547,-2547,-2547,-2538,-2538,-2538,-2538,-2528,-2529,-2519,-2510,-2510,-2510,-2510,-2510,-2501,-2501,-2492,-2482,-2472,-2462,-2462,-2462,-2462,-2452,-2443,-2443,-2433,-2433,-2433,-2433,-2423,-2423,-2423,-2414,-2404,-2395,-2385,-2375,-2365,-2355,-2345,-2335,-2326,-2326,-2326,-2316,-2316,-2306,-2306,-2296,-2287,-2277,-2267,-2257,-2257,-2247,-2247,-2240,-2236,-2237,-2237,-2237,-2237,-2237,-2227,-2217,-2217,-2207,-2207,-2207,-2197,-2197,-2187,-2187,-2177,-2167,-2167,-2157,-2157,-1752,-1752,-1747,-1743,-1743,-1743,-1738,-1734,-1734,-1734,-1734,-1734,-1729,-1726,-1726,-1723,-1718,-1718,-1713,-1714,-1709,-1709,-1704,-1704,-1699,-1696,-1692,-1692,-1692,-1692,-1687,-1687,-1687,-1688,-1688,-1683,-1678,-1675,-1670,-1665,-1661,-1661,-1661,-1661,-1656,-1657,-1657,-1657,-1652,-1647,-1643,-1639,-1639,-1639,-1639,-1639,-1634,-1629,-1625,-1625,-1625,-1620,-1620,-1620,-1615,-1610,-1611,-1606,-1606,-1601,-1601,-1601,-1601,-1601,-1597,-1592,-1588,-1588,-1588,-1585,-1581,-1577,-1572,-1572,-1568,-1564,-1564,-1560,-1560,-1556,-1551,-1552,-1552,-1552,-1547,-1548,-1548,-1543,-1538,-1534,-1534,-1529,-1529,-1529,-1524,-1524,-1525,-1520,-1520,-1515,-1511,-1511,-1506,-1502,-1497,-1492,-1487,-1483,-1478,-1474,-1469,-1469,-1464,-1460,-1455,-1451,-1446,-1446,-1442,-1442,-1437,-1433,-1428,-1424,-1424,-1424,-1419,-1416,-1411,-1406,-1402,-1397,-1393,-1389,-1384,-1380,-1380,-1380,-1376,-1372,-1367,-1362,-1358,-1353,-1353,-1353,-1349,-1349,-1344,-1344,-1339,-1339,-1340,-1335,-1335,-1335,-1330,-1326,-1321,-1316,-1312,-1312,-1312,-1307,-1303,-1299,-1294,-1294,-1290,-1290,-1285,-1281,-1281,-1276,-1272,-1272,-1268,-1268,-1263,-1264,-1259,-1255,-1250,-1245,-1245,-1241,-1237,-1237,-1234,-1229,-1229,-1225,-1225,-1220,-1215,-1211,-1206,-1201,-1201,-1197,-1197,-1197,-1197,-1197,-1193,-1193,-1188,-1183,-1179,-1174,-1170,-1165,-1160,-1156,-1156,-1151,-1146,-1141,-1141,-1137,-1132,-1132,-1128,-1128,-1123,-1119,-1115,-1111,-1107,-1103,-1098,-1094,-1094,-1089,-1085,-1085,-1080,-1076,-1076,-1076,-1076,-1076,-1071,-1071,-1067,-1067,-1067,-1062,-1058,-1058,-1055,-1050,-1045,-1041,-1036,-1031,-1026,-1022,-1022,-1017,-1017,-1017,-1017,-1017,-1013,-1008,-1004,-999,-995,-990,-986,-982,-977,-973,-968,-968,-968,-964,-959,-955,-951,-946,-946,-941,-937,-932,-927,-923,-918,-918,-918,-914,-910,-906,-901,-897,-892,-887,-883,-878,-873,-873,-873,-869,-869,-869,-864,-860,-860,-860,-855,-850,-846,-841,-837,-833,-828,-824,-819,-815,-810,-806,-806,-801,-797,-797,-792,-788,-784,-780,-776,-771,-766,-762,-757,-752,-752,-748,-748,-744,-739,-739,-734,-730,-725,-721,-716,-711,-711,-706,-702,-697,-692,-687,-683,-683,-678,-673,-669,-664,-659,-654,-649,-645,-640,-640,-635,-630,-625,-620,-620,-615,-611,-606,-606,-601,-596,-594,-594,-590,-586,-581,-581,-576,-571,-566,-561,-556,-551,-159,-159,-159,-159,-159,-159,-159,-159,-159,-159,-159,-159,-159,-159,-159,-159,-159,-159,-159,-159,-159,-159,-159,-159,-159,-159,-159,-159,-159,-159,-159,-159,-159,-159,-159,-159,-159,-159,-159,-159,-159,-159,-159,-159,-159,-159,-159,-159,-159,-159,-159,-159,-159,-159,-159,-159,-159,-159,-159,-159,-159,-159,-159,-159,-159,-159,-159,-159,-159,-159,-159,-159,-159,-159,-159,-159,-159,-159,-159,-159,-159,-159,-159,-159,-159,-159,-159,-159,-159,-159,-159,-159,-139,-119,-99,-79,-59,-39,-19,0
-3408,-3408,-3408,-3408,-3408,-3408,-3408,-3408,-3408,-3408,-3408,-3409,-3409,-3409,-3409,-3409,-3409,-3409,-3409,-3409,-3409,-3409,-3410,-3410,-3410,-3410,-3410,-3410,-3410,-3410,-3410,-3410,-3410,-3411,-3411,-3411,-3411,-3411,-3411,-3411,-3411,-3411,-3411,-3411,-3412,-3412,-3412,-3412,-3412,-3412,-3412,-3412,-3412,-3412,-3412,-3413,-3413,-3413,-3413,-3402,-3402,-3403,-3403,-3393,-3393,-3393,-3393,-3383,-3383,-3383,-3383,-3383,-3383,-3383,-3383,-3383,-3383,-3384,-3384,-3384,-3384,-3384,-3384,-3384,-3384,-3384,-3384,-3384,-3385,-3385,-3385,-3385,-3385,-3385,-3385,-3385,-3375,-3375,-3375,-3375,-3375,-3375,-3367,-3360,-3360,-3360,-3360,-3361,-3361,-3361,-3361,-3361,-3361,-3361,-3361,-3361,-3361,-3361,-3362,-3362,-3362,-3362,-3353,-3354,-3354,-3345,-3346,-3346,-3346,-3336,-3336,-3326,-3326,-3326,-3316,-3316,-3316,-3316,-3316,-3316,-3316,-3316,-3316,-3316,-3317,-3317,-3317,-3317,-3307,-3297,-3297,-3298,-3298,-3298,-3287,-3288,-3288,-3288,-3288,-3288,-3288,-3288,-3288,-3288,-3288,-3288,-3289,-3289,-3289,-3279,-3279,-3279,-3279,-3279,-3279,-3279,-3279,-3279,-3279,-3279,-3280,-3280,-3270,-3270,-3270,-3270,-3270,-3271,-3271,-3271,-3261,-3261,-3261,-3261,-3261,-3261,-3261,-3261,-3262,-3252,-3252,-3252,-3252,-3243,-3233,-3224,-3214,-3214,-3214,-3214,-3214,-3214,-3205,-3197,-3187,-3188,-3188,-3178,-3168,-3159,-3159,-3159,-3159,-3159,-3149,-3149,-3139,-3139,-3130,-3123,-3123,-3123,-3123,-3113,-3113,-3113,-3114,-3114,-3114,-3114,-3114,-3114,-3114,-3105,-3105,-3106,-3096,-3096,-3096,-3086,-3086,-3086,-3076,-3076,-3076,-3076,-3076,-3068,-3058,-3049,-3049,-3049,-3039,-3039,-3039,-3039,-3040,-3040,-3040,-3040,-3040,-3040,-3040,-3040,-3040,-3040,-3040,-3031,-3031,-3031,-3023,-3023,-3023,-3023,-3023,-3023,-3014,-3005,-2995,-2995,-2985,-2985,-2985,-2985,-2985,-2985,-2985,-2976,-2976,-2976,-2966,-2966,-2966,-2966,-2966,-2956,-2956,-2946,-2947,-2947,-2938,-2938,-2938,-2938,-2938,-2938,-2938,-2938,-2938,-2938,-2929,-2929,-2929,-2929,-2919,-2920,-2920,-2920,-2910,-2910,-2902,-2893,-2894,-2894,-2894,-2885,-2875,-2866,-2857,-2857,-2857,-2847,-2847,-2838,-2828,-2828,-2818,-2818,-2818,-2818,-2818,-2809,-2809,-2809,-2809,-2809,-2800,-2800,-2801,-2801,-2791,-2791,-2781,-2781,-2782,-2782,-2772,-2772,-2772,-2762,-2752,-2752,-2743,-2743,-2733,-2723,-2723,-2723,-2715,-2715,-2715,-2715,-2705,-2696,-2696,-2687,-2678,-2668,-2658,-2648,-2648,-2640,-2631,-2631,-2631,-2631,-2631,-2632,-2632,-2622,-2622,-2612,-2613,-2613,-2604,-2604,-2605,-2595,-2595,-2595,-2595,-2595,-2596,-2596,-2586,-2576,-2576,-2566,-2566,-2558,-2558,-2558,-2558,-2558,-2548,-2548,-2548,-2548,-2539,-2539,-2530,-2521,-2521,-2521,-2521,-2521,-2511,-2511,-2502,-2492,-2482,-2472,-2472,-2472,-2472,-2463,-2453,-2453,-2443,-2443,-2443,-2443,-2433,-2433,-2434,-2424,-2414,-2405,-2395,-2385,-2375,-2365,-2355,-2346,-2336,-2336,-2336,-2326,-2326,-2316,-2316,-2306,-2297,-2287,-2276,-2266,-2266,-2259,-2259,-2256,-2246,-2246,-2246,-2247,-2247,-2247,-2237,-2227,-2227,-2217,-2217,-2217,-2207,-2207,-2197,-2197,-2187,-2177,-2177,-2167,-2167,-1767,-1767,-1763,-1758,-1758,-1758,-1754,-1749,-1749,-1749,-1749,-1749,-1746,-1743,-1743,-1738,-1733,-1733,-1729,-1729,-1724,-1724,-1719,-1719,-1716,-1712,-1707,-1707,-1707,-1707,-1702,-1703,-1703,-1703,-1703,-1698,-1694,-1690,-1685,-1680,-1676,-1676,-1676,-1676,-1672,-1672,-1672,-1672,-1667,-1663,-1659,-1654,-1654,-1654,-1654,-1654,-1649,-1645,-1640,-1640,-1640,-1635,-1635,-1635,-1630,-1626,-1626,-1621,-1621,-1616,-1617,-1617,-1617,-1617,-1612,-1608,-1605,-1605,-1605,-1601,-1597,-1592,-1588,-1588,-1584,-1580,-1580,-1576,-1576,-1571,-1567,-1567,-1567,-1567,-1563,-1563,-1563,-1558,-1553,-1549,-1549,-1544,-1544,-1544,-1540,-1540,-1540,-1535,-1535,-1530,-1526,-1526,-1521,-1517,-1512,-1507,-1503,-1498,-1494,-1489,-1484,-1484,-1480,-1475,-1471,-1466,-1462,-1462,-1457,-1457,-1453,-1448,-1444,-1439,-1439,-1439,-1436,-1431,-1426,-1422,-1417,-1412,-1409,-1404,-1400,-1396,-1396,-1396,-1392,-1387,-1382,-1378,-1373,-1369,-1369,-1369,-1364,-1364,-1359,-1359,-1354,-1355,-1355,-1350,-1350,-1350,-1346,-1341,-1336,-1332,-1327,-1327,-1327,-1323,-1319,-1314,-1310,-1310,-1305,-1305,-1301,-1296,-1296,-1292,-1287,-1288,-1283,-1283,-1279,-1279,-1275,-1270,-1265,-1261,-1261,-1256,-1253,-1254,-1249,-1245,-1245,-1240,-1240,-1235,-1231,-1226,-1221,-1217,-1217,-1212,-1212,-1212,-1212,-1213,-1208,-1208,-1203,-1199,-1194,-1190,-1185,-1180,-1175,-1171,-1171,-1166,-1161,-1157,-1157,-1152,-1148,-1148,-1143,-1143,-1139,-1134,-1131,-1127,-1123,-1118,-1114,-1109,-1109,-1105,-1100,-1100,-1095,-1091,-1091,-1091,-1091,-1091,-1086,-1087,-1082,-1082,-1082,-1078,-1075,-1075,-1070,-1065,-1061,-1056,-1051,-1046,-1042,-1037,-1037,-1032,-1032,-1032,-1032,-1032,-1028,-1024,-1019,-1015,-1010,-1006,-1002,-997,-993,-988,-983,-983,-984,-979,-975,-971,-966,-961,-961,-957,-952,-947,-943,-938,-933,-933,-933,-930,-926,-921,-917,-912,-907,-903,-898,-893,-888,-889,-889,-884,-884,-884,-879,-875,-875,-875,-870,-865,-861,-857,-853,-848,-844,-839,-835,-830,-826,-821,-821,-817,-812,-812,-808,-804,-800,-795,-791,-786,-782,-777,-772,-768,-768,-763,-763,-759,-754,-754,-750,-745,-740,-736,-731,-726,-726,-722,-717,-712,-707,-703,-698,-698,-693,-688,-684,-679,-674,-669,-665,-660,-655,-655,-650,-645,-640,-635,-635,-630,-625,-621,-621,-616,-614,-614,-610,-606,-601,-596,-596,-591,-586,-581,-576,-571,-566,-179,-179,-179,-179,-179,-179,-179,-179,-179,-179,-179,-179,-179,-179,-179,-179,-179,-179,-179,-179,-179,-179,-179,-179,-179,-179,-179,-179,-179,-179,-179,-179,-179,-179,-179,-179,-179,-179,-179,-179,-179,-179,-179,-179,-179,-179,-179,-179,-179,-179,-179,-179,-179,-179,-179,-179,-179,-179,-179,-179,-179,-179,-179,-179,-179,-179,-179,-179,-179,-179,-179,-179,-179,-179,-179,-179,-179,-179,-179,-179,-179,-179,-179,-179,-179,-179,-179,-179,-179,-179,-179,-159,-139,-119,-99,-79,-59,-39,-19,0
-3417,-3417,-3417,-3417,-3417,-3417,-3417,-3417,-3417,-3417,-3418,-3418,-3418,-3418,-3418,-3418,-3418,-3418,-3418,-3418,-3419,-3419,-3419,-3419,-3419,-3419,-3419,-3419,-3419,-3419,-3420,-3420,-3420,-3420,-3420,-3420,-3420,-3420,-3420,-3420,-3421,-3421,-3421,-3421,-3421,-3421,-3421,-3421,-3421,-3421,-3422,-3422,-3422,-3422,-3422,-3422,-3422,-3422,-3422,-3413,-3413,-3413,-3413,-3402,-3402,-3402,-3403,-3392,-3392,-3392,-3392,-3393,-3393,-3393,-3393,-3393,-3393,-3393,-3393,-3393,-3393,-3394,-3394,-3394,-3394,-3394,-3394,-3394,-3394,-3394,-3394,-3395,-3395,-3395,-3395,-3395,-3387,-3387,-3387,-3387,-3387,-3387,-3380,-3372,-3372,-3372,-3372,-3372,-3372,-3372,-3372,-3372,-3372,-3373,-3373,-3373,-3373,-3373,-3373,-3373,-3373,-3373,-3365,-3365,-3365,-3356,-3356,-3356,-3356,-3346,-3346,-3335,-3335,-3336,-3325,-3325,-3325,-3325,-3326,-3326,-3326,-3326,-3326,-3326,-3326,-3326,-3326,-3326,-3317,-3307,-3307,-3307,-3307,-3307,-3297,-3297,-3297,-3297,-3297,-3298,-3298,-3298,-3298,-3298,-3298,-3298,-3298,-3298,-3298,-3289,-3289,-3289,-3289,-3289,-3289,-3289,-3289,-3290,-3290,-3290,-3290,-3290,-3280,-3280,-3280,-3280,-3280,-3280,-3281,-3281,-3271,-3271,-3271,-3271,-3271,-3271,-3271,-3271,-3272,-3263,-3263,-3263,-3263,-3253,-3244,-3234,-3224,-3225,-3225,-3225,-3225,-3225,-3217,-3207,-3198,-3198,-3198,-3188,-3179,-3169,-3169,-3169,-3169,-3169,-3159,-3159,-3149,-3149,-3142,-3133,-3133,-3133,-3133,-3124,-3124,-3125,-3125,-3125,-3125,-3125,-3125,-3125,-3125,-3115,-3115,-3115,-3105,-3105,-3106,-3096,-3096,-3096,-3087,-3087,-3088,-3088,-3088,-3078,-3069,-3059,-3059,-3059,-3049,-3049,-3050,-3050,-3050,-3050,-3050,-3050,-3050,-3050,-3050,-3050,-3051,-3051,-3051,-3042,-3043,-3043,-3033,-3033,-3034,-3034,-3034,-3034,-3024,-3015,-3004,-3005,-2995,-2995,-2995,-2995,-2995,-2996,-2996,-2986,-2986,-2986,-2976,-2976,-2976,-2976,-2976,-2966,-2966,-2957,-2957,-2957,-2948,-2948,-2948,-2948,-2948,-2948,-2949,-2949,-2949,-2949,-2939,-2939,-2939,-2939,-2930,-2930,-2930,-2930,-2922,-2922,-2913,-2904,-2905,-2905,-2905,-2895,-2886,-2877,-2867,-2867,-2867,-2857,-2857,-2848,-2838,-2838,-2828,-2829,-2829,-2829,-2829,-2820,-2820,-2820,-2820,-2820,-2810,-2811,-2811,-2811,-2801,-2801,-2791,-2792,-2792,-2792,-2782,-2782,-2782,-2772,-2762,-2763,-2753,-2753,-2743,-2735,-2735,-2735,-2725,-2725,-2725,-2725,-2716,-2706,-2706,-2698,-2687,-2678,-2668,-2660,-2660,-2651,-2642,-2642,-2642,-2642,-2642,-2642,-2642,-2632,-2632,-2624,-2624,-2624,-2615,-2615,-2615,-2605,-2605,-2605,-2605,-2606,-2606,-2606,-2596,-2586,-2586,-2577,-2577,-2568,-2568,-2568,-2568,-2568,-2559,-2559,-2559,-2559,-2550,-2550,-2541,-2531,-2531,-2531,-2531,-2531,-2521,-2522,-2512,-2502,-2492,-2482,-2482,-2482,-2482,-2473,-2463,-2463,-2453,-2453,-2453,-2453,-2444,-2444,-2444,-2434,-2425,-2415,-2405,-2395,-2385,-2375,-2365,-2355,-2346,-2346,-2346,-2336,-2336,-2326,-2326,-2316,-2306,-2296,-2286,-2279,-2279,-2276,-2276,-2266,-2256,-2256,-2256,-2256,-2256,-2257,-2247,-2236,-2237,-2227,-2227,-2227,-2217,-2217,-2207,-2207,-2197,-2187,-2187,-2177,-2177,-1782,-1783,-1778,-1773,-1773,-1774,-1769,-1765,-1765,-1766,-1766,-1766,-1763,-1758,-1758,-1753,-1748,-1749,-1744,-1744,-1739,-1739,-1735,-1736,-1732,-1727,-1722,-1722,-1722,-1722,-1718,-1718,-1718,-1718,-1718,-1714,-1710,-1705,-1700,-1696,-1691,-1691,-1691,-1691,-1687,-1687,-1687,-1687,-1682,-1678,-1673,-1669,-1669,-1669,-1669,-1669,-1664,-1660,-1655,-1655,-1655,-1650,-1650,-1650,-1646,-1641,-1641,-1636,-1636,-1632,-1632,-1632,-1632,-1632,-1628,-1624,-1621,-1621,-1621,-1616,-1612,-1608,-1604,-1604,-1600,-1596,-1596,-1591,-1591,-1587,-1582,-1582,-1582,-1583,-1578,-1578,-1578,-1573,-1569,-1564,-1564,-1559,-1559,-1559,-1555,-1555,-1555,-1550,-1550,-1546,-1541,-1541,-1537,-1532,-1527,-1523,-1518,-1513,-1509,-1504,-1500,-1500,-1495,-1491,-1486,-1482,-1477,-1477,-1473,-1473,-1468,-1464,-1459,-1455,-1455,-1455,-1451,-1446,-1442,-1437,-1432,-1428,-1424,-1420,-1416,-1412,-1412,-1412,-1407,-1402,-1397,-1393,-1388,-1384,-1384,-1384,-1379,-1379,-1374,-1374,-1370,-1370,-1370,-1365,-1366,-1366,-1361,-1356,-1352,-1347,-1343,-1343,-1343,-1339,-1334,-1329,-1325,-1325,-1321,-1321,-1316,-1312,-1312,-1307,-1303,-1303,-1299,-1299,-1294,-1294,-1290,-1285,-1280,-1276,-1276,-1273,-1269,-1269,-1264,-1260,-1260,-1255,-1255,-1251,-1246,-1241,-1236,-1232,-1232,-1227,-1227,-1228,-1228,-1228,-1223,-1223,-1219,-1214,-1209,-1205,-1200,-1195,-1191,-1186,-1186,-1181,-1176,-1172,-1172,-1168,-1163,-1163,-1159,-1159,-1154,-1151,-1147,-1143,-1138,-1134,-1129,-1124,-1125,-1120,-1115,-1115,-1111,-1106,-1106,-1106,-1106,-1106,-1102,-1102,-1098,-1098,-1098,-1094,-1090,-1090,-1085,-1080,-1076,-1071,-1066,-1061,-1057,-1052,-1052,-1047,-1047,-1047,-1047,-1048,-1044,-1039,-1035,-1030,-1026,-1022,-1017,-1012,-1008,-1003,-999,-999,-999,-995,-990,-986,-981,-976,-977,-972,-967,-963,-958,-953,-949,-949,-949,-946,-941,-937,-932,-927,-923,-918,-913,-908,-904,-904,-904,-899,-899,-899,-895,-890,-890,-890,-885,-881,-877,-873,-868,-864,-859,-855,-850,-846,-841,-837,-837,-832,-828,-828,-824,-820,-815,-811,-806,-801,-797,-792,-788,-783,-783,-779,-779,-774,-769,-769,-765,-760,-756,-751,-746,-741,-742,-737,-732,-727,-722,-718,-713,-713,-708,-704,-699,-694,-689,-684,-680,-675,-670,-670,-665,-660,-655,-650,-650,-645,-640,-635,-636,-634,-634,-630,-626,-621,-616,-611,-611,-606,-601,-596,-591,-586,-581,-199,-199,-199,-199,-199,-199,-199,-199,-199,-199,-199,-199,-199,-199,-199,-199,-199,-199,-199,-199,-199,-199,-199,-199,-199,-199,-199,-199,-199,-199,-199,-199,-199,-199,-199,-199,-199,-199,-199,-199,-199,-199,-199,-199,-199,-199,-199,-199,-199,-199,-199,-199,-199,-199,-199,-199,-199,-199,-199,-199,-199,-199,-199,-199,-199,-199,-199,-199,-199,-199,-199,-199,-199,-199,-199,-199,-199,-199,-199,-199,-199,-199,-199,-199,-199,-199,-199,-199,-199,-199,-179,-159,-139,-119,-99,-79,-59,-39,-19,0
-3426,-3426,-3426,-3426,-3427,-3427,-3427,-3427,-3427,-3427,-3427,-3427,-3427,-3428,-3428,-3428,-3428,-3428,-3428,-3428,-3428,-3428,-3429,-3429,-3429,-3429,-3429,-3429,-3429,-3429,-3429,-3430,-3430,-3430,-3430,-3430,-3430,-3430,-3430,-3430,-3431,-3431,-3431,-3431,-3431,-3431,-3431,-3431,-3431,-3432,-3432,-3432,-3432,-3432,-3432,-3432,-3432,-3432,-3433,-3422,-3422,-3422,-3422,-3412,-3412,-3412,-3412,-3403,-3404,-3404,-3404,-3404,-3404,-3404,-3404,-3404,-3404,-3405,-3405,-3405,-3405,-3405,-3405,-3405,-3405,-3405,-3406,-3406,-3406,-3406,-3406,-3406,-3406,-3406,-3406,-3406,-3399,-3400,-3400,-3400,-3400,-3400,-3391,-3383,-3383,-3383,-3383,-3384,-3384,-3384,-3384,-3384,-3384,-3384,-3384,-3384,-3385,-3385,-3385,-3385,-3385,-3385,-3375,-3376,-3376,-3365,-3365,-3365,-3366,-3355,-3355,-3345,-3345,-3345,-3336,-3336,-3336,-3336,-3336,-3336,-3336,-3336,-3337,-3337,-3337,-3337,-3337,-3337,-3327,-3317,-3317,-3317,-3317,-3317,-3307,-3307,-3307,-3307,-3308,-3308,-3308,-3308,-3308,-3308,-3308,-3308,-3308,-3309,-3309,-3299,-3299,-3299,-3299,-3299,-3299,-3299,-3299,-3299,-3300,-3300,-3300,-3300,-3290,-3290,-3290,-3290,-3290,-3290,-3291,-3291,-3282,-3282,-3282,-3282,-3282,-3282,-3282,-3282,-3283,-3273,-3273,-3273,-3273,-3264,-3254,-3244,-3236,-3236,-3237,-3237,-3237,-3237,-3227,-3218,-3208,-3208,-3208,-3199,-3189,-3179,-3179,-3179,-3179,-3179,-3169,-3169,-3162,-3162,-3153,-3144,-3144,-3144,-3144,-3134,-3134,-3134,-3134,-3135,-3135,-3135,-3135,-3135,-3135,-3125,-3125,-3125,-3115,-3116,-3116,-3107,-3107,-3107,-3098,-3098,-3098,-3098,-3098,-3089,-3079,-3069,-3069,-3069,-3061,-3061,-3061,-3061,-3061,-3061,-3062,-3062,-3062,-3062,-3062,-3062,-3062,-3062,-3062,-3053,-3053,-3053,-3044,-3044,-3044,-3044,-3044,-3044,-3034,-3024,-3015,-3015,-3005,-3005,-3005,-3005,-3005,-3005,-3005,-2995,-2996,-2996,-2986,-2986,-2986,-2986,-2986,-2977,-2977,-2968,-2968,-2968,-2958,-2958,-2958,-2958,-2958,-2959,-2959,-2959,-2959,-2959,-2950,-2950,-2950,-2950,-2941,-2941,-2942,-2942,-2933,-2933,-2924,-2915,-2915,-2915,-2915,-2906,-2897,-2887,-2877,-2877,-2877,-2868,-2868,-2858,-2848,-2848,-2839,-2839,-2840,-2840,-2840,-2830,-2830,-2830,-2830,-2830,-2821,-2821,-2821,-2821,-2811,-2811,-2801,-2802,-2802,-2802,-2792,-2792,-2792,-2782,-2773,-2773,-2763,-2763,-2754,-2745,-2745,-2745,-2735,-2736,-2736,-2736,-2726,-2717,-2717,-2707,-2698,-2688,-2679,-2671,-2671,-2661,-2652,-2652,-2652,-2652,-2652,-2652,-2652,-2644,-2644,-2634,-2635,-2635,-2625,-2625,-2625,-2615,-2615,-2615,-2615,-2616,-2616,-2616,-2606,-2597,-2597,-2587,-2588,-2578,-2578,-2578,-2578,-2578,-2569,-2570,-2570,-2570,-2560,-2561,-2551,-2541,-2541,-2541,-2541,-2541,-2531,-2532,-2522,-2512,-2502,-2492,-2492,-2492,-2492,-2483,-2473,-2473,-2463,-2464,-2464,-2464,-2454,-2454,-2454,-2445,-2435,-2425,-2415,-2405,-2395,-2385,-2375,-2366,-2356,-2356,-2356,-2346,-2346,-2336,-2336,-2326,-2316,-2306,-2299,-2296,-2296,-2286,-2286,-2276,-2266,-2266,-2266,-2266,-2266,-2266,-2256,-2246,-2246,-2236,-2237,-2237,-2227,-2227,-2217,-2217,-2207,-2197,-2197,-2187,-2187,-1798,-1798,-1793,-1788,-1789,-1789,-1785,-1782,-1782,-1782,-1782,-1782,-1778,-1773,-1773,-1768,-1764,-1764,-1759,-1759,-1755,-1755,-1751,-1752,-1747,-1742,-1737,-1737,-1737,-1737,-1734,-1734,-1734,-1734,-1734,-1729,-1725,-1720,-1716,-1711,-1706,-1706,-1707,-1707,-1702,-1702,-1702,-1702,-1698,-1693,-1688,-1684,-1684,-1684,-1684,-1684,-1679,-1675,-1670,-1670,-1670,-1665,-1665,-1666,-1661,-1656,-1656,-1652,-1652,-1647,-1647,-1647,-1647,-1648,-1644,-1641,-1636,-1636,-1636,-1632,-1628,-1624,-1620,-1620,-1616,-1611,-1611,-1607,-1607,-1602,-1597,-1598,-1598,-1598,-1593,-1593,-1593,-1589,-1584,-1579,-1579,-1574,-1575,-1575,-1570,-1570,-1570,-1566,-1566,-1561,-1556,-1557,-1552,-1547,-1543,-1538,-1533,-1529,-1524,-1520,-1515,-1515,-1511,-1506,-1502,-1497,-1492,-1493,-1488,-1488,-1484,-1479,-1475,-1471,-1471,-1471,-1466,-1462,-1457,-1452,-1448,-1444,-1440,-1436,-1431,-1427,-1427,-1427,-1422,-1417,-1413,-1408,-1404,-1399,-1399,-1399,-1394,-1394,-1390,-1390,-1385,-1385,-1385,-1380,-1381,-1381,-1376,-1371,-1367,-1363,-1358,-1358,-1359,-1354,-1349,-1345,-1340,-1341,-1336,-1336,-1332,-1327,-1327,-1323,-1319,-1319,-1314,-1314,-1310,-1310,-1305,-1300,-1296,-1293,-1293,-1289,-1284,-1284,-1280,-1275,-1275,-1270,-1270,-1266,-1261,-1256,-1252,-1247,-1247,-1242,-1243,-1243,-1243,-1243,-1238,-1239,-1234,-1229,-1225,-1220,-1215,-1210,-1206,-1201,-1201,-1196,-1192,-1187,-1188,-1183,-1179,-1179,-1174,-1174,-1171,-1167,-1163,-1158,-1154,-1149,-1144,-1140,-1140,-1135,-1130,-1131,-1126,-1121,-1121,-1121,-1121,-1122,-1117,-1117,-1114,-1114,-1114,-1110,-1105,-1105,-1100,-1096,-1091,-1086,-1081,-1077,-1072,-1067,-1067,-1063,-1063,-1063,-1064,-1064,-1059,-1055,-1050,-1046,-1042,-1037,-1032,-1028,-1023,-1019,-1015,-1015,-1015,-1010,-1006,-1001,-996,-992,-992,-987,-982,-978,-973,-969,-965,-965,-965,-961,-957,-952,-947,-942,-938,-933,-928,-924,-919,-919,-919,-914,-914,-914,-910,-905,-905,-905,-901,-896,-893,-888,-884,-879,-875,-870,-866,-861,-857,-852,-852,-848,-844,-844,-839,-835,-831,-826,-821,-817,-812,-808,-803,-798,-799,-794,-794,-789,-785,-785,-780,-776,-771,-766,-761,-757,-757,-752,-747,-742,-738,-733,-728,-728,-723,-719,-714,-709,-704,-699,-695,-690,-685,-685,-680,-675,-670,-665,-665,-660,-655,-653,-654,-654,-650,-645,-640,-635,-631,-626,-626,-621,-616,-611,-606,-601,-596,-219,-219,-219,-219,-219,-219,-219,-219,-219,-219,-219,-219,-219,-219,-219,-219,-219,-219,-219,-219,-219,-219,-219,-219,-219,-219,-219,-219,-219,-219,-219,-219,-219,-219,-219,-219,-219,-219,-219,-219,-219,-219,-219,-219,-219,-219,-219,-219,-219,-219,-219,-219,-219,-219,-219,-219,-219,-219,-219,-219,-219,-219,-219,-219,-219,-219,-219,-219,-219,-219,-219,-219,-219,-219,-219,-219,-219,-219,-219,-219,-219,-219,-219,-219,-219,-219,-219,-219,-219,-199,-179,-159,-139,-119,-99,-79,-59,-39,-19,0
-3435,-3435,-3435,-3435,-3435,-3435,-3435,-3436,-3436,-3436,-3436,-3436,-3436,-3436,-3436,-3437,-3437,-3437,-3437,-3437,-3437,-3437,-3437,-3438,-3438,-3438,-3438,-3438,-3438,-3438,-3438,-3438,-3439,-3439,-3439,-3439,-3439,-3439,-3439,-3439,-3440,-3440,-3440,-3440,-3440,-3440,-3440,-3440,-3441,-3441,-3441,-3441,-3441,-3441,-3441,-3441,-3441,-3442,-3442,-3431,-3431,-3431,-3432,-3423,-3423,-3423,-3423,-3416,-3416,-3416,-3416,-3416,-3417,-3417,-3417,-3417,-3417,-3417,-3417,-3417,-3418,-3418,-3418,-3418,-3418,-3418,-3418,-3418,-3418,-3419,-3419,-3419,-3419,-3419,-3419,-3419,-3411,-3411,-3411,-3411,-3411,-3411,-3403,-3393,-3393,-3393,-3393,-3394,-3394,-3394,-3394,-3394,-3394,-3394,-3394,-3395,-3395,-3395,-3395,-3395,-3395,-3395,-3385,-3385,-3385,-3375,-3375,-3375,-3375,-3365,-3365,-3355,-3355,-3356,-3345,-3345,-3345,-3346,-3346,-3346,-3346,-3346,-3346,-3346,-3346,-3346,-3347,-3347,-3336,-3327,-3327,-3327,-3327,-3327,-3317,-3317,-3317,-3317,-3317,-3317,-3317,-3318,-3318,-3318,-3318,-3318,-3318,-3318,-3318,-3308,-3308,-3309,-3309,-3309,-3309,-3309,-3309,-3309,-3309,-3310,-3310,-3310,-3301,-3301,-3301,-3301,-3301,-3301,-3301,-3302,-3292,-3292,-3292,-3292,-3292,-3292,-3293,-3293,-3293,-3283,-3283,-3283,-3283,-3274,-3264,-3256,-3247,-3247,-3247,-3247,-3247,-3247,-3237,-3228,-3218,-3219,-3219,-3209,-3198,-3189,-3189,-3189,-3189,-3189,-3182,-3182,-3173,-3173,-3164,-3154,-3154,-3154,-3154,-3144,-3144,-3144,-3144,-3144,-3144,-3145,-3145,-3145,-3145,-3135,-3135,-3135,-3127,-3127,-3127,-3117,-3117,-3117,-3108,-3108,-3108,-3108,-3109,-3099,-3089,-3080,-3081,-3081,-3071,-3071,-3071,-3072,-3072,-3072,-3072,-3072,-3072,-3072,-3072,-3073,-3073,-3073,-3073,-3063,-3064,-3064,-3054,-3054,-3054,-3054,-3054,-3054,-3044,-3035,-3025,-3025,-3015,-3015,-3015,-3015,-3015,-3015,-3015,-3005,-3005,-3006,-2996,-2997,-2997,-2997,-2997,-2987,-2988,-2978,-2978,-2978,-2968,-2968,-2969,-2969,-2969,-2969,-2969,-2969,-2969,-2969,-2961,-2961,-2961,-2961,-2953,-2953,-2953,-2953,-2944,-2944,-2935,-2926,-2926,-2926,-2926,-2917,-2907,-2897,-2887,-2887,-2887,-2878,-2878,-2868,-2859,-2859,-2849,-2849,-2850,-2850,-2850,-2840,-2840,-2840,-2840,-2841,-2831,-2831,-2831,-2831,-2821,-2821,-2811,-2812,-2812,-2812,-2802,-2802,-2802,-2793,-2783,-2783,-2774,-2774,-2765,-2755,-2755,-2755,-2746,-2746,-2746,-2746,-2737,-2727,-2727,-2717,-2707,-2699,-2691,-2681,-2681,-2671,-2663,-2663,-2663,-2663,-2663,-2664,-2664,-2654,-2654,-2644,-2645,-2645,-2635,-2635,-2635,-2625,-2625,-2625,-2626,-2626,-2626,-2626,-2617,-2607,-2607,-2598,-2598,-2589,-2589,-2589,-2589,-2589,-2580,-2580,-2580,-2580,-2571,-2571,-2561,-2551,-2551,-2551,-2551,-2551,-2542,-2542,-2532,-2522,-2512,-2502,-2502,-2502,-2503,-2493,-2483,-2483,-2474,-2474,-2474,-2474,-2464,-2464,-2464,-2455,-2445,-2435,-2425,-2415,-2405,-2395,-2386,-2376,-2366,-2366,-2366,-2356,-2356,-2346,-2346,-2336,-2326,-2319,-2316,-2306,-2306,-2296,-2296,-2286,-2276,-2276,-2276,-2276,-2276,-2276,-2266,-2256,-2256,-2246,-2246,-2247,-2237,-2237,-2227,-2227,-2217,-2207,-2207,-2197,-2197,-1813,-1813,-1808,-1805,-1805,-1805,-1802,-1797,-1797,-1797,-1797,-1798,-1793,-1788,-1788,-1783,-1779,-1779,-1775,-1775,-1771,-1771,-1766,-1767,-1762,-1757,-1753,-1753,-1754,-1754,-1749,-1749,-1749,-1749,-1749,-1744,-1740,-1736,-1731,-1726,-1722,-1722,-1722,-1722,-1718,-1718,-1718,-1718,-1713,-1708,-1704,-1699,-1699,-1699,-1699,-1699,-1694,-1690,-1685,-1685,-1685,-1680,-1680,-1681,-1676,-1671,-1672,-1667,-1667,-1664,-1664,-1664,-1664,-1664,-1661,-1656,-1651,-1651,-1652,-1647,-1644,-1640,-1635,-1636,-1631,-1627,-1627,-1622,-1622,-1617,-1613,-1613,-1613,-1613,-1608,-1608,-1608,-1604,-1599,-1594,-1594,-1590,-1590,-1590,-1585,-1586,-1586,-1581,-1581,-1576,-1572,-1572,-1567,-1562,-1558,-1553,-1549,-1544,-1539,-1535,-1530,-1531,-1526,-1521,-1517,-1512,-1508,-1508,-1503,-1503,-1499,-1495,-1490,-1486,-1486,-1486,-1481,-1477,-1472,-1468,-1464,-1460,-1455,-1451,-1447,-1442,-1442,-1442,-1437,-1432,-1428,-1423,-1419,-1414,-1414,-1414,-1409,-1409,-1405,-1405,-1400,-1400,-1400,-1396,-1396,-1396,-1391,-1387,-1382,-1378,-1374,-1374,-1374,-1369,-1365,-1360,-1356,-1356,-1352,-1352,-1347,-1343,-1343,-1339,-1334,-1334,-1329,-1329,-1325,-1325,-1320,-1316,-1313,-1309,-1309,-1304,-1299,-1300,-1295,-1290,-1290,-1286,-1286,-1281,-1276,-1272,-1267,-1262,-1262,-1258,-1258,-1258,-1258,-1258,-1254,-1254,-1249,-1245,-1240,-1235,-1230,-1225,-1221,-1216,-1216,-1212,-1207,-1203,-1203,-1199,-1194,-1194,-1191,-1191,-1186,-1182,-1178,-1174,-1169,-1164,-1160,-1155,-1155,-1150,-1146,-1146,-1141,-1137,-1137,-1137,-1137,-1137,-1134,-1134,-1129,-1129,-1130,-1125,-1120,-1120,-1115,-1111,-1106,-1101,-1096,-1092,-1087,-1083,-1083,-1079,-1079,-1079,-1079,-1079,-1075,-1070,-1065,-1061,-1057,-1052,-1048,-1043,-1038,-1035,-1030,-1030,-1030,-1026,-1021,-1016,-1012,-1007,-1007,-1002,-998,-993,-989,-985,-980,-980,-981,-977,-972,-967,-962,-958,-953,-948,-943,-939,-934,-934,-934,-929,-930,-930,-925,-921,-921,-921,-916,-912,-908,-904,-899,-895,-890,-885,-881,-876,-872,-868,-868,-864,-859,-859,-855,-850,-846,-841,-837,-832,-828,-823,-818,-814,-814,-809,-809,-804,-800,-800,-795,-791,-786,-781,-776,-772,-772,-767,-762,-758,-753,-748,-743,-743,-739,-734,-729,-724,-719,-714,-710,-705,-700,-700,-695,-690,-685,-680,-680,-675,-673,-673,-673,-669,-665,-660,-655,-650,-645,-640,-641,-636,-631,-626,-621,-616,-611,-239,-239,-239,-239,-239,-239,-239,-239,-239,-239,-239,-239,-239,-239,-239,-239,-239,-239,-239,-239,-239,-239,-239,-239,-239,-239,-239,-239,-239,-239,-239,-239,-239,-239,-239,-239,-239,-239,-239,-239,-239,-239,-239,-239,-239,-239,-239,-239,-239,-239,-239,-239,-239,-239,-239,-239,-239,-239,-239,-239,-239,-239,-239,-239,-239,-239,-239,-239,-239,-239,-239,-239,-239,-239,-239,-239,-239,-239,-239,-239,-239,-239,-239,-239,-239,-239,-239,-239,-219,-199,-179,-159,-139,-119,-99,-79,-59,-39,-19,0
-3444,-3444,-3444,-3444,-3444,-3444,-3444,-3444,-3445,-3445,-3445,-3445,-3445,-3445,-3445,-3445,-3446,-3446,-3446,-3446,-3446,-3446,-3446,-3447,-3447,-3447,-3447,-3447,-3447,-3447,-3447,-3448,-3448,-3448,-3448,-3448,-3448,-3448,-3448,-3449,-3449,-3449,-3449,-3449,-3449,-3449,-3449,-3450,-3450,-3450,-3450,-3450,-3450,-3450,-3451,-3451,-3451,-3451,-3451,-3442,-3443,-3443,-3443,-3435,-3436,-3436,-3436,-3427,-3427,-3427,-3427,-3428,-3428,-3428,-3428,-3428,-3428,-3428,-3428,-3429,-3429,-3429,-3429,-3429,-3429,-3429,-3429,-3430,-3430,-3430,-3430,-3430,-3430,-3430,-3431,-3431,-3422,-3422,-3422,-3423,-3423,-3423,-3413,-3402,-3403,-3403,-3403,-3403,-3403,-3403,-3403,-3403,-3404,-3404,-3404,-3404,-3404,-3404,-3404,-3404,-3405,-3405,-3394,-3394,-3395,-3384,-3384,-3384,-3384,-3375,-3375,-3365,-3365,-3365,-3355,-3355,-3355,-3355,-3355,-3355,-3355,-3355,-3356,-3356,-3356,-3356,-3356,-3356,-3346,-3336,-3336,-3336,-3336,-3337,-3326,-3327,-3327,-3327,-3327,-3327,-3327,-3327,-3327,-3328,-3328,-3328,-3328,-3328,-3328,-3319,-3319,-3319,-3319,-3320,-3320,-3320,-3320,-3320,-3320,-3320,-3320,-3321,-3311,-3311,-3311,-3311,-3311,-3311,-3312,-3312,-3302,-3302,-3302,-3302,-3302,-3303,-3303,-3303,-3303,-3293,-3293,-3293,-3293,-3284,-3276,-3266,-3257,-3257,-3257,-3257,-3257,-3257,-3248,-3238,-3228,-3228,-3228,-3218,-3208,-3201,-3201,-3202,-3202,-3202,-3192,-3192,-3184,-3184,-3174,-3163,-3163,-3164,-3164,-3154,-3154,-3154,-3154,-3154,-3154,-3155,-3155,-3155,-3155,-3146,-3146,-3147,-3137,-3137,-3137,-3128,-3128,-3128,-3118,-3118,-3118,-3118,-3119,-3109,-3100,-3091,-3091,-3091,-3081,-3082,-3082,-3082,-3082,-3082,-3082,-3082,-3083,-3083,-3083,-3083,-3083,-3083,-3083,-3073,-3073,-3074,-3063,-3064,-3064,-3064,-3064,-3064,-3055,-3044,-3034,-3034,-3024,-3025,-3025,-3025,-3025,-3025,-3025,-3016,-3016,-3016,-3007,-3007,-3007,-3007,-3007,-2997,-2997,-2988,-2988,-2988,-2980,-2980,-2980,-2980,-2980,-2980,-2980,-2980,-2981,-2981,-2972,-2972,-2972,-2973,-2964,-2964,-2964,-2964,-2954,-2954,-2945,-2936,-2936,-2936,-2936,-2926,-2917,-2907,-2897,-2897,-2897,-2888,-2888,-2879,-2869,-2869,-2859,-2860,-2860,-2860,-2860,-2850,-2850,-2850,-2850,-2851,-2841,-2841,-2841,-2841,-2831,-2831,-2821,-2822,-2822,-2822,-2812,-2812,-2812,-2803,-2794,-2794,-2784,-2785,-2775,-2765,-2765,-2766,-2757,-2757,-2757,-2757,-2747,-2737,-2737,-2727,-2719,-2711,-2701,-2691,-2691,-2683,-2673,-2673,-2674,-2674,-2674,-2674,-2674,-2664,-2664,-2654,-2655,-2655,-2645,-2645,-2645,-2636,-2636,-2636,-2637,-2637,-2637,-2637,-2627,-2617,-2618,-2609,-2609,-2599,-2599,-2600,-2600,-2600,-2590,-2590,-2590,-2590,-2580,-2581,-2571,-2561,-2561,-2561,-2561,-2561,-2552,-2552,-2542,-2532,-2522,-2512,-2512,-2512,-2513,-2503,-2493,-2493,-2484,-2484,-2484,-2484,-2474,-2474,-2474,-2465,-2455,-2445,-2435,-2425,-2415,-2406,-2396,-2386,-2376,-2376,-2376,-2366,-2366,-2356,-2356,-2346,-2339,-2336,-2326,-2315,-2316,-2305,-2306,-2296,-2285,-2286,-2286,-2286,-2286,-2286,-2276,-2266,-2266,-2256,-2256,-2256,-2246,-2247,-2237,-2237,-2227,-2217,-2217,-2207,-2207,-1828,-1828,-1825,-1821,-1822,-1822,-1817,-1812,-1812,-1812,-1813,-1813,-1808,-1803,-1803,-1799,-1795,-1795,-1791,-1791,-1786,-1786,-1782,-1782,-1777,-1773,-1768,-1768,-1769,-1769,-1764,-1764,-1764,-1764,-1764,-1760,-1756,-1751,-1746,-1741,-1737,-1737,-1738,-1738,-1733,-1733,-1733,-1733,-1728,-1724,-1719,-1714,-1714,-1714,-1714,-1714,-1709,-1705,-1700,-1700,-1700,-1696,-1696,-1696,-1691,-1687,-1687,-1684,-1684,-1680,-1680,-1680,-1680,-1680,-1676,-1671,-1667,-1667,-1667,-1663,-1660,-1655,-1651,-1651,-1646,-1642,-1642,-1637,-1637,-1632,-1628,-1628,-1628,-1628,-1623,-1623,-1624,-1619,-1614,-1609,-1609,-1605,-1605,-1605,-1601,-1601,-1601,-1596,-1596,-1591,-1587,-1587,-1582,-1578,-1573,-1568,-1564,-1559,-1555,-1550,-1546,-1546,-1541,-1537,-1532,-1528,-1523,-1523,-1519,-1519,-1515,-1510,-1506,-1501,-1501,-1501,-1497,-1492,-1488,-1484,-1479,-1475,-1471,-1466,-1462,-1457,-1457,-1457,-1452,-1448,-1443,-1438,-1434,-1429,-1429,-1429,-1425,-1425,-1420,-1420,-1415,-1416,-1416,-1411,-1411,-1411,-1407,-1402,-1398,-1393,-1389,-1389,-1389,-1384,-1380,-1376,-1371,-1371,-1367,-1367,-1363,-1358,-1358,-1354,-1349,-1349,-1344,-1345,-1340,-1340,-1336,-1333,-1329,-1324,-1324,-1319,-1315,-1315,-1310,-1305,-1305,-1301,-1301,-1296,-1292,-1287,-1282,-1278,-1278,-1273,-1273,-1273,-1273,-1273,-1269,-1269,-1265,-1260,-1255,-1250,-1245,-1241,-1236,-1231,-1231,-1227,-1223,-1218,-1218,-1214,-1210,-1211,-1206,-1206,-1202,-1198,-1193,-1189,-1184,-1179,-1175,-1170,-1170,-1165,-1161,-1161,-1157,-1153,-1153,-1153,-1154,-1154,-1149,-1149,-1144,-1145,-1145,-1140,-1135,-1135,-1131,-1126,-1121,-1116,-1112,-1107,-1103,-1098,-1098,-1094,-1094,-1094,-1094,-1094,-1090,-1085,-1081,-1077,-1072,-1068,-1063,-1058,-1054,-1050,-1045,-1045,-1045,-1041,-1036,-1031,-1027,-1022,-1022,-1018,-1013,-1009,-1005,-1000,-996,-996,-996,-992,-987,-982,-977,-973,-968,-963,-959,-954,-949,-949,-949,-945,-945,-945,-940,-936,-936,-936,-932,-928,-923,-919,-914,-910,-905,-901,-896,-892,-888,-883,-884,-879,-875,-875,-870,-866,-861,-856,-852,-848,-843,-838,-833,-829,-829,-824,-824,-820,-815,-815,-811,-806,-801,-796,-792,-787,-787,-782,-778,-773,-768,-763,-758,-759,-754,-749,-744,-739,-734,-729,-724,-720,-715,-715,-710,-705,-700,-695,-695,-693,-693,-689,-689,-685,-680,-675,-670,-665,-660,-655,-656,-651,-646,-641,-636,-631,-626,-259,-259,-259,-259,-259,-259,-259,-259,-259,-259,-259,-259,-259,-259,-259,-259,-259,-259,-259,-259,-259,-259,-259,-259,-259,-259,-259,-259,-259,-259,-259,-259,-259,-259,-259,-259,-259,-259,-259,-259,-259,-259,-259,-259,-258,-258,-258,-258,-259,-259,-259,-259,-259,-259,-259,-259,-259,-259,-259,-259,-259,-259,-259,-259,-259,-259,-259,-259,-259,-258,-258,-258,-258,-259,-259,-259,-259,-259,-259,-259,-259,-259,-259,-259,-259,-259,-259,-239,-219,-199,-179,-159,-139,-119,-99,-79,-59,-39,-19,0
-3454,-3454,-3454,-3455,-3455,-3455,-3455,-3455,-3455,-3455,-3456,-3456,-3456,-3456,-3456,-3456,-3456,-3457,-3457,-3457,-3457,-3457,-3457,-3457,-3458,-3458,-3458,-3458,-3458,-3458,-3458,-3458,-3459,-3459,-3459,-3459,-3459,-3459,-3459,-3460,-3460,-3460,-3460,-3460,-3460,-3460,-3461,-3461,-3461,-3461,-3461,-3461,-3461,-3462,-3462,-3462,-3462,-3462,-3462,-3455,-3455,-3455,-3455,-3446,-3447,-3447,-3447,-3438,-3438,-3438,-3439,-3439,-3439,-3439,-3439,-3439,-3439,-3440,-3440,-3440,-3440,-3440,-3440,-3440,-3440,-3441,-3441,-3441,-3441,-3441,-3441,-3441,-3442,-3442,-3442,-3442,-3432,-3432,-3432,-3433,-3433,-3433,-3422,-3412,-3412,-3412,-3412,-3412,-3412,-3412,-3413,-3413,-3413,-3413,-3413,-3413,-3413,-3414,-3414,-3414,-3414,-3414,-3404,-3404,-3404,-3395,-3395,-3395,-3395,-3384,-3385,-3374,-3374,-3374,-3364,-3365,-3365,-3365,-3365,-3365,-3365,-3365,-3366,-3366,-3366,-3366,-3366,-3366,-3356,-3346,-3346,-3346,-3346,-3346,-3337,-3337,-3337,-3337,-3337,-3338,-3338,-3338,-3338,-3338,-3338,-3338,-3339,-3339,-3339,-3329,-3329,-3329,-3329,-3330,-3330,-3330,-3330,-3330,-3330,-3330,-3330,-3331,-3321,-3321,-3321,-3321,-3321,-3321,-3322,-3322,-3312,-3312,-3312,-3312,-3312,-3312,-3313,-3313,-3313,-3304,-3304,-3304,-3304,-3296,-3286,-3277,-3267,-3267,-3267,-3267,-3267,-3268,-3258,-3248,-3238,-3238,-3238,-3228,-3221,-3212,-3212,-3212,-3212,-3212,-3203,-3203,-3193,-3193,-3183,-3173,-3173,-3174,-3174,-3165,-3165,-3165,-3165,-3165,-3166,-3166,-3166,-3166,-3166,-3156,-3157,-3157,-3147,-3147,-3148,-3138,-3138,-3138,-3128,-3128,-3128,-3128,-3129,-3120,-3111,-3101,-3101,-3101,-3091,-3091,-3092,-3092,-3092,-3092,-3092,-3092,-3092,-3092,-3093,-3093,-3093,-3093,-3093,-3083,-3083,-3083,-3074,-3074,-3074,-3074,-3074,-3074,-3064,-3054,-3044,-3044,-3035,-3035,-3035,-3035,-3036,-3036,-3036,-3026,-3026,-3027,-3017,-3017,-3017,-3017,-3017,-3008,-3008,-2999,-2999,-2999,-2991,-2991,-2991,-2991,-2991,-2991,-2992,-2992,-2992,-2992,-2983,-2983,-2983,-2983,-2974,-2974,-2974,-2974,-2965,-2965,-2956,-2946,-2946,-2946,-2946,-2937,-2927,-2917,-2907,-2908,-2908,-2899,-2899,-2889,-2879,-2879,-2869,-2870,-2870,-2870,-2870,-2860,-2860,-2860,-2860,-2861,-2851,-2851,-2851,-2851,-2841,-2841,-2832,-2832,-2832,-2832,-2822,-2822,-2822,-2814,-2804,-2804,-2795,-2795,-2785,-2776,-2776,-2777,-2766,-2767,-2767,-2767,-2757,-2747,-2747,-2739,-2730,-2721,-2711,-2703,-2703,-2693,-2683,-2683,-2683,-2684,-2684,-2684,-2684,-2674,-2674,-2664,-2664,-2665,-2656,-2656,-2656,-2646,-2646,-2646,-2646,-2647,-2647,-2647,-2637,-2628,-2628,-2619,-2619,-2609,-2609,-2610,-2610,-2610,-2600,-2600,-2600,-2600,-2590,-2591,-2581,-2571,-2571,-2571,-2571,-2571,-2562,-2562,-2552,-2542,-2532,-2522,-2523,-2523,-2523,-2513,-2503,-2504,-2494,-2494,-2494,-2494,-2484,-2484,-2484,-2474,-2465,-2455,-2445,-2435,-2425,-2415,-2405,-2395,-2385,-2386,-2386,-2376,-2376,-2366,-2366,-2359,-2356,-2345,-2335,-2325,-2325,-2315,-2315,-2305,-2295,-2295,-2295,-2296,-2296,-2296,-2286,-2276,-2276,-2266,-2266,-2266,-2256,-2257,-2247,-2247,-2237,-2227,-2227,-2217,-2217,-1844,-1845,-1841,-1837,-1837,-1837,-1832,-1827,-1827,-1828,-1828,-1828,-1823,-1818,-1818,-1815,-1811,-1811,-1806,-1806,-1801,-1801,-1797,-1797,-1793,-1788,-1783,-1783,-1784,-1784,-1779,-1779,-1780,-1780,-1780,-1776,-1771,-1766,-1761,-1757,-1752,-1752,-1752,-1753,-1748,-1748,-1748,-1748,-1744,-1739,-1734,-1729,-1729,-1729,-1729,-1729,-1725,-1720,-1715,-1715,-1715,-1711,-1711,-1711,-1706,-1703,-1703,-1700,-1700,-1695,-1695,-1695,-1696,-1696,-1691,-1687,-1683,-1683,-1683,-1679,-1675,-1670,-1666,-1666,-1661,-1657,-1657,-1652,-1652,-1647,-1643,-1643,-1643,-1643,-1638,-1639,-1639,-1634,-1629,-1625,-1625,-1620,-1620,-1620,-1616,-1616,-1616,-1611,-1611,-1607,-1602,-1602,-1598,-1593,-1588,-1583,-1579,-1575,-1570,-1566,-1561,-1561,-1557,-1552,-1547,-1543,-1538,-1538,-1535,-1535,-1530,-1526,-1521,-1516,-1516,-1517,-1512,-1508,-1504,-1499,-1495,-1491,-1486,-1482,-1477,-1472,-1472,-1472,-1468,-1463,-1458,-1453,-1449,-1444,-1444,-1444,-1440,-1440,-1435,-1435,-1430,-1431,-1431,-1426,-1426,-1426,-1422,-1418,-1413,-1409,-1404,-1404,-1404,-1400,-1395,-1391,-1387,-1387,-1382,-1382,-1378,-1373,-1374,-1369,-1364,-1364,-1360,-1360,-1356,-1356,-1353,-1348,-1344,-1339,-1339,-1334,-1330,-1330,-1325,-1320,-1321,-1316,-1316,-1311,-1307,-1302,-1297,-1293,-1293,-1288,-1288,-1289,-1289,-1289,-1284,-1284,-1280,-1275,-1270,-1265,-1260,-1256,-1251,-1247,-1247,-1242,-1238,-1233,-1234,-1230,-1226,-1226,-1222,-1222,-1218,-1213,-1209,-1204,-1199,-1195,-1190,-1185,-1185,-1181,-1176,-1176,-1173,-1168,-1168,-1169,-1169,-1169,-1164,-1164,-1160,-1160,-1160,-1155,-1150,-1150,-1146,-1141,-1136,-1131,-1127,-1123,-1118,-1114,-1114,-1109,-1109,-1109,-1110,-1110,-1105,-1101,-1097,-1092,-1087,-1083,-1078,-1074,-1070,-1065,-1060,-1061,-1061,-1056,-1051,-1047,-1042,-1037,-1037,-1033,-1029,-1025,-1020,-1016,-1011,-1011,-1012,-1007,-1002,-997,-993,-988,-983,-978,-974,-969,-964,-964,-964,-960,-960,-960,-956,-952,-952,-952,-948,-943,-939,-934,-930,-925,-921,-916,-912,-907,-903,-899,-899,-895,-890,-890,-886,-881,-876,-872,-867,-863,-858,-853,-849,-844,-844,-840,-840,-835,-830,-830,-826,-821,-816,-811,-807,-802,-802,-797,-793,-788,-783,-778,-773,-774,-769,-764,-759,-754,-749,-744,-739,-734,-730,-730,-725,-720,-715,-713,-713,-713,-709,-705,-705,-700,-695,-690,-685,-680,-675,-670,-670,-666,-661,-656,-651,-646,-641,-278,-278,-278,-278,-278,-278,-278,-278,-278,-278,-278,-278,-278,-278,-278,-278,-278,-278,-278,-278,-278,-278,-278,-278,-278,-278,-278,-278,-278,-278,-278,-278,-278,-278,-278,-278,-278,-278,-278,-278,-278,-278,-278,-278,-278,-278,-278,-278,-278,-278,-278,-278,-278,-278,-278,-278,-278,-278,-278,-278,-278,-278,-278,-278,-278,-278,-278,-278,-278,-278,-278,-278,-278,-278,-278,-278,-278,-278,-278,-278,-278,-278,-278,-278,-278,-278,-258,-238,-218,-199,-179,-159,-139,-119,-99,-79,-59,-39,-19,0
-3466,-3466,-3466,-3466,-3467,-3467,-3467,-3467,-3467,-3467,-3468,-3468,-3468,-3468,-3468,-3468,-3468,-3469,-3469,-3469,-3469,-3469,-3469,-3469,-3470,-3470,-3470,-3470,-3470,-3470,-3471,-3471,-3471,-3471,-3471,-3471,-3471,-3472,-3472,-3472,-3472,-3472,-3472,-3472,-3473,-3473,-3473,-3473,-3473,-3473,-3474,-3474,-3474,-3474,-3474,-3474,-3474,-3475,-3475,-3466,-3466,-3466,-3466,-3458,-3458,-3458,-3458,-3448,-3448,-3448,-3448,-3448,-3449,-3449,-3449,-3449,-3449,-3449,-3449,-3450,-3450,-3450,-3450,-3450,-3450,-3451,-3451,-3451,-3451,-3451,-3451,-3451,-3452,-3452,-3452,-3452,-3441,-3441,-3442,-3442,-3442,-3442,-3431,-3421,-3421,-3421,-3421,-3421,-3422,-3422,-3422,-3422,-3422,-3422,-3422,-3423,-3423,-3423,-3423,-3423,-3423,-3424,-3414,-3414,-3414,-3404,-3404,-3404,-3404,-3394,-3394,-3384,-3384,-3384,-3374,-3374,-3374,-3374,-3374,-3375,-3375,-3375,-3375,-3375,-3375,-3376,-3376,-3376,-3366,-3356,-3356,-3356,-3357,-3357,-3347,-3347,-3347,-3347,-3347,-3347,-3348,-3348,-3348,-3348,-3348,-3348,-3349,-3349,-3349,-3339,-3339,-3339,-3339,-3339,-3340,-3340,-3340,-3340,-3340,-3340,-3340,-3341,-3331,-3331,-3331,-3331,-3331,-3331,-3331,-3332,-3322,-3322,-3323,-3323,-3323,-3323,-3323,-3323,-3323,-3315,-3315,-3316,-3316,-3306,-3296,-3287,-3277,-3277,-3278,-3278,-3278,-3278,-3268,-3258,-3248,-3248,-3248,-3241,-3231,-3223,-3223,-3223,-3223,-3223,-3213,-3213,-3203,-3203,-3193,-3184,-3184,-3185,-3185,-3175,-3175,-3175,-3175,-3175,-3176,-3176,-3176,-3176,-3176,-3167,-3167,-3167,-3157,-3157,-3157,-3148,-3148,-3148,-3139,-3140,-3140,-3140,-3140,-3131,-3121,-3111,-3111,-3111,-3101,-3101,-3101,-3101,-3101,-3102,-3102,-3102,-3102,-3102,-3102,-3102,-3103,-3103,-3103,-3093,-3093,-3094,-3083,-3083,-3084,-3084,-3084,-3084,-3074,-3064,-3055,-3055,-3045,-3045,-3046,-3046,-3046,-3046,-3046,-3036,-3036,-3037,-3027,-3027,-3027,-3027,-3027,-3019,-3019,-3010,-3010,-3011,-3001,-3002,-3002,-3002,-3002,-3002,-3002,-3003,-3003,-3003,-2993,-2993,-2993,-2994,-2985,-2985,-2985,-2985,-2976,-2976,-2966,-2956,-2956,-2956,-2957,-2947,-2937,-2927,-2918,-2918,-2919,-2909,-2909,-2899,-2889,-2889,-2879,-2879,-2880,-2880,-2880,-2870,-2870,-2870,-2870,-2870,-2861,-2861,-2861,-2861,-2851,-2851,-2842,-2842,-2842,-2842,-2833,-2834,-2834,-2824,-2814,-2815,-2805,-2805,-2796,-2786,-2786,-2786,-2776,-2777,-2777,-2777,-2767,-2759,-2759,-2750,-2741,-2731,-2722,-2713,-2713,-2703,-2693,-2693,-2693,-2694,-2694,-2694,-2694,-2684,-2684,-2675,-2675,-2676,-2666,-2666,-2666,-2656,-2656,-2657,-2657,-2657,-2657,-2657,-2648,-2639,-2639,-2629,-2629,-2619,-2619,-2619,-2620,-2620,-2610,-2610,-2610,-2610,-2600,-2601,-2591,-2581,-2581,-2581,-2581,-2581,-2571,-2572,-2562,-2552,-2542,-2533,-2533,-2533,-2533,-2523,-2513,-2513,-2504,-2504,-2504,-2504,-2494,-2494,-2494,-2484,-2475,-2465,-2455,-2445,-2435,-2425,-2415,-2405,-2395,-2395,-2395,-2385,-2385,-2378,-2378,-2375,-2365,-2355,-2345,-2335,-2335,-2325,-2325,-2315,-2305,-2305,-2305,-2305,-2306,-2306,-2296,-2286,-2286,-2276,-2276,-2276,-2266,-2266,-2257,-2257,-2247,-2237,-2237,-2227,-2227,-1861,-1861,-1856,-1852,-1852,-1852,-1847,-1842,-1842,-1843,-1843,-1843,-1838,-1834,-1834,-1831,-1826,-1826,-1821,-1821,-1816,-1816,-1813,-1813,-1808,-1803,-1799,-1799,-1799,-1799,-1795,-1795,-1795,-1795,-1795,-1790,-1786,-1781,-1777,-1772,-1767,-1767,-1767,-1767,-1763,-1763,-1763,-1763,-1758,-1754,-1749,-1744,-1744,-1744,-1744,-1745,-1740,-1735,-1730,-1731,-1731,-1726,-1726,-1726,-1723,-1719,-1720,-1715,-1715,-1710,-1710,-1711,-1711,-1711,-1707,-1703,-1699,-1699,-1699,-1695,-1690,-1686,-1681,-1681,-1677,-1672,-1672,-1667,-1667,-1663,-1658,-1658,-1658,-1658,-1653,-1654,-1654,-1649,-1645,-1640,-1640,-1635,-1635,-1635,-1631,-1631,-1631,-1626,-1626,-1622,-1617,-1618,-1613,-1608,-1603,-1599,-1595,-1590,-1585,-1581,-1576,-1576,-1572,-1567,-1563,-1558,-1554,-1555,-1550,-1550,-1545,-1541,-1536,-1531,-1532,-1532,-1528,-1523,-1519,-1515,-1511,-1506,-1501,-1497,-1492,-1487,-1488,-1488,-1483,-1478,-1473,-1469,-1464,-1459,-1459,-1459,-1455,-1455,-1450,-1450,-1446,-1446,-1446,-1442,-1442,-1442,-1438,-1433,-1429,-1424,-1420,-1420,-1420,-1415,-1411,-1406,-1402,-1402,-1398,-1398,-1393,-1389,-1389,-1384,-1379,-1380,-1375,-1375,-1372,-1373,-1368,-1364,-1359,-1354,-1354,-1350,-1345,-1345,-1340,-1335,-1336,-1331,-1331,-1327,-1322,-1317,-1312,-1308,-1308,-1304,-1304,-1304,-1304,-1304,-1299,-1299,-1295,-1290,-1285,-1280,-1276,-1271,-1267,-1262,-1262,-1258,-1253,-1250,-1250,-1246,-1242,-1242,-1237,-1237,-1233,-1229,-1224,-1219,-1214,-1210,-1205,-1200,-1200,-1196,-1193,-1193,-1188,-1183,-1184,-1184,-1184,-1184,-1179,-1179,-1175,-1175,-1175,-1170,-1165,-1166,-1161,-1156,-1151,-1146,-1143,-1138,-1133,-1129,-1129,-1124,-1125,-1125,-1125,-1125,-1121,-1116,-1112,-1107,-1103,-1098,-1094,-1090,-1085,-1080,-1076,-1076,-1076,-1071,-1066,-1062,-1057,-1052,-1053,-1049,-1045,-1040,-1036,-1031,-1026,-1027,-1027,-1022,-1017,-1012,-1008,-1003,-998,-993,-989,-984,-980,-980,-980,-975,-976,-976,-972,-967,-967,-968,-963,-959,-954,-950,-945,-941,-936,-931,-927,-923,-919,-914,-915,-910,-905,-905,-901,-896,-892,-887,-883,-878,-873,-868,-864,-859,-859,-855,-855,-850,-845,-846,-841,-836,-831,-826,-822,-817,-817,-812,-808,-803,-798,-793,-788,-789,-784,-779,-774,-769,-764,-759,-754,-749,-744,-745,-740,-735,-733,-733,-733,-729,-725,-720,-720,-715,-710,-705,-700,-695,-690,-685,-685,-680,-676,-671,-666,-661,-656,-298,-298,-298,-298,-298,-298,-298,-298,-298,-298,-298,-298,-298,-298,-298,-298,-298,-298,-298,-298,-298,-298,-298,-298,-298,-298,-298,-298,-298,-298,-298,-298,-298,-298,-298,-298,-298,-298,-298,-298,-298,-298,-298,-298,-298,-298,-298,-298,-298,-298,-298,-298,-298,-298,-298,-298,-298,-298,-298,-298,-298,-298,-298,-298,-298,-298,-298,-298,-298,-298,-298,-298,-298,-298,-298,-298,-298,-298,-298,-298,-298,-298,-298,-298,-298,-278,-258,-238,-218,-198,-178,-159,-139,-119,-99,-79,-59,-39,-19,0
-3476,-3477,-3477,-3477,-3477,-3477,-3477,-3478,-3478,-3478,-3478,-3478,-3478,-3478,-3479,-3479,-3479,-3479,-3479,-3479,-3480,-3480,-3480,-3480,-3480,-3480,-3481,-3481,-3481,-3481,-3481,-3481,-3482,-3482,-3482,-3482,-3482,-3482,-3482,-3483,-3483,-3483,-3483,-3483,-3483,-3484,-3484,-3484,-3484,-3484,-3484,-3485,-3485,-3485,-3485,-3485,-3485,-3486,-3486,-3477,-3477,-3477,-3477,-3467,-3467,-3467,-3468,-3457,-3457,-3457,-3457,-3457,-3457,-3458,-3458,-3458,-3458,-3458,-3458,-3459,-3459,-3459,-3459,-3459,-3459,-3460,-3460,-3460,-3460,-3460,-3460,-3461,-3461,-3461,-3461,-3461,-3450,-3451,-3451,-3451,-3451,-3451,-3441,-3431,-3431,-3431,-3432,-3432,-3432,-3432,-3432,-3432,-3432,-3433,-3433,-3433,-3433,-3433,-3433,-3434,-3434,-3434,-3423,-3424,-3424,-3413,-3413,-3414,-3414,-3404,-3404,-3393,-3394,-3394,-3383,-3383,-3384,-3384,-3384,-3384,-3384,-3384,-3385,-3385,-3385,-3385,-3385,-3385,-3376,-3366,-3366,-3366,-3366,-3367,-3356,-3357,-3357,-3357,-3357,-3357,-3357,-3358,-3358,-3358,-3358,-3358,-3358,-3359,-3359,-3348,-3349,-3349,-3349,-3349,-3349,-3349,-3350,-3350,-3350,-3350,-3350,-3350,-3341,-3341,-3341,-3341,-3342,-3342,-3342,-3342,-3334,-3334,-3334,-3334,-3335,-3335,-3335,-3335,-3335,-3325,-3326,-3326,-3326,-3316,-3307,-3297,-3287,-3287,-3287,-3287,-3288,-3288,-3278,-3268,-3261,-3261,-3261,-3251,-3242,-3232,-3232,-3232,-3233,-3233,-3223,-3223,-3213,-3213,-3204,-3194,-3194,-3195,-3195,-3185,-3185,-3186,-3186,-3186,-3186,-3186,-3186,-3187,-3187,-3177,-3177,-3177,-3167,-3167,-3167,-3159,-3159,-3159,-3150,-3150,-3150,-3150,-3150,-3141,-3131,-3120,-3120,-3121,-3111,-3111,-3111,-3111,-3111,-3112,-3112,-3112,-3112,-3112,-3112,-3113,-3113,-3113,-3113,-3103,-3103,-3103,-3093,-3093,-3093,-3094,-3094,-3094,-3084,-3075,-3065,-3065,-3055,-3055,-3055,-3056,-3056,-3056,-3056,-3046,-3047,-3047,-3038,-3038,-3038,-3039,-3039,-3030,-3030,-3021,-3021,-3021,-3012,-3012,-3012,-3012,-3012,-3012,-3013,-3013,-3013,-3013,-3004,-3004,-3004,-3004,-2995,-2995,-2995,-2995,-2985,-2986,-2976,-2966,-2966,-2966,-2967,-2957,-2947,-2938,-2928,-2928,-2928,-2919,-2919,-2909,-2899,-2899,-2889,-2889,-2889,-2890,-2890,-2880,-2880,-2880,-2880,-2880,-2871,-2871,-2871,-2871,-2861,-2861,-2853,-2853,-2853,-2853,-2843,-2844,-2844,-2834,-2825,-2825,-2816,-2816,-2806,-2796,-2796,-2796,-2786,-2786,-2787,-2787,-2779,-2770,-2770,-2761,-2751,-2742,-2733,-2723,-2723,-2713,-2703,-2703,-2703,-2703,-2704,-2704,-2704,-2695,-2695,-2685,-2685,-2685,-2676,-2676,-2676,-2667,-2667,-2667,-2668,-2668,-2668,-2668,-2659,-2649,-2649,-2639,-2639,-2629,-2629,-2629,-2630,-2630,-2620,-2620,-2620,-2620,-2610,-2611,-2601,-2591,-2591,-2591,-2591,-2591,-2581,-2582,-2572,-2562,-2552,-2543,-2543,-2543,-2543,-2533,-2523,-2523,-2513,-2514,-2514,-2514,-2504,-2504,-2504,-2494,-2485,-2475,-2465,-2455,-2445,-2435,-2425,-2415,-2405,-2405,-2405,-2398,-2398,-2395,-2395,-2385,-2375,-2365,-2355,-2345,-2345,-2335,-2335,-2325,-2315,-2315,-2315,-2315,-2315,-2316,-2306,-2296,-2296,-2286,-2286,-2286,-2276,-2276,-2266,-2267,-2257,-2247,-2247,-2237,-2237,-1876,-1876,-1871,-1867,-1867,-1867,-1862,-1857,-1857,-1858,-1858,-1858,-1854,-1850,-1850,-1845,-1841,-1841,-1836,-1836,-1832,-1833,-1828,-1828,-1823,-1819,-1814,-1814,-1814,-1815,-1810,-1810,-1810,-1810,-1810,-1806,-1801,-1797,-1792,-1787,-1782,-1782,-1783,-1783,-1778,-1778,-1778,-1778,-1773,-1768,-1764,-1759,-1759,-1759,-1759,-1759,-1755,-1750,-1746,-1746,-1746,-1743,-1743,-1743,-1739,-1735,-1735,-1730,-1730,-1726,-1726,-1726,-1726,-1727,-1723,-1719,-1715,-1715,-1715,-1710,-1706,-1701,-1696,-1696,-1692,-1687,-1687,-1682,-1682,-1678,-1673,-1673,-1673,-1673,-1669,-1669,-1669,-1664,-1660,-1655,-1655,-1650,-1650,-1651,-1646,-1646,-1646,-1642,-1642,-1637,-1633,-1633,-1628,-1623,-1619,-1614,-1610,-1605,-1601,-1596,-1592,-1592,-1587,-1583,-1578,-1574,-1570,-1570,-1565,-1565,-1561,-1556,-1551,-1547,-1547,-1548,-1543,-1539,-1535,-1531,-1526,-1521,-1516,-1512,-1507,-1502,-1503,-1503,-1498,-1493,-1488,-1484,-1479,-1474,-1475,-1475,-1470,-1470,-1465,-1466,-1461,-1461,-1462,-1457,-1457,-1458,-1453,-1448,-1444,-1439,-1435,-1435,-1435,-1431,-1426,-1422,-1418,-1418,-1413,-1413,-1408,-1404,-1404,-1399,-1395,-1395,-1392,-1392,-1388,-1388,-1383,-1379,-1374,-1369,-1369,-1365,-1360,-1360,-1355,-1351,-1351,-1346,-1346,-1342,-1337,-1332,-1328,-1323,-1323,-1319,-1319,-1319,-1319,-1319,-1314,-1315,-1310,-1305,-1300,-1296,-1291,-1287,-1282,-1278,-1278,-1273,-1270,-1265,-1266,-1262,-1257,-1257,-1253,-1253,-1248,-1244,-1239,-1234,-1230,-1225,-1220,-1216,-1216,-1213,-1208,-1208,-1203,-1198,-1199,-1199,-1199,-1199,-1194,-1194,-1190,-1190,-1190,-1185,-1180,-1181,-1176,-1171,-1166,-1162,-1158,-1153,-1149,-1144,-1144,-1140,-1140,-1140,-1141,-1141,-1136,-1132,-1127,-1122,-1118,-1114,-1109,-1105,-1100,-1095,-1091,-1091,-1091,-1086,-1082,-1077,-1072,-1068,-1068,-1064,-1060,-1056,-1051,-1046,-1041,-1042,-1042,-1037,-1032,-1028,-1023,-1018,-1013,-1009,-1004,-999,-995,-995,-995,-991,-991,-992,-987,-983,-983,-983,-978,-974,-969,-965,-960,-956,-951,-947,-943,-938,-934,-930,-930,-925,-921,-921,-916,-911,-907,-902,-898,-893,-888,-884,-879,-874,-875,-870,-870,-865,-860,-861,-856,-851,-846,-842,-837,-832,-832,-827,-823,-818,-813,-808,-803,-804,-799,-794,-789,-784,-779,-774,-769,-764,-759,-759,-754,-753,-753,-749,-749,-745,-740,-735,-735,-730,-725,-720,-715,-710,-705,-700,-700,-695,-691,-686,-681,-676,-671,-318,-318,-318,-318,-318,-318,-318,-318,-318,-318,-318,-318,-318,-318,-318,-318,-318,-318,-318,-318,-318,-318,-318,-318,-318,-318,-318,-318,-318,-318,-318,-318,-318,-318,-318,-318,-318,-318,-318,-318,-318,-318,-318,-318,-318,-318,-318,-318,-318,-318,-318,-318,-318,-318,-318,-318,-318,-318,-318,-318,-318,-318,-318,-318,-318,-318,-318,-318,-318,-318,-318,-318,-318,-318,-318,-318,-318,-318,-318,-318,-318,-318,-318,-318,-298,-278,-258,-238,-218,-198,-178,-158,-139,-119,-99,-79,-59,-39,-19,0
-3487,-3487,-3487,-3487,-3488,-3488,-3488,-3488,-3488,-3488,-3489,-3489,-3489,-3489,-3489,-3489,-3490,-3490,-3490,-3490,-3490,-3490,-3491,-3491,-3491,-3491,-3491,-3491,-3492,-3492,-3492,-3492,-3492,-3492,-3493,-3493,-3493,-3493,-3493,-3493,-3494,-3494,-3494,-3494,-3494,-3494,-3495,-3495,-3495,-3495,-3495,-3496,-3496,-3496,-3496,-3496,-3496,-3497,-3497,-3486,-3487,-3487,-3487,-3476,-3476,-3476,-3477,-3466,-3466,-3466,-3466,-3466,-3466,-3467,-3467,-3467,-3467,-3467,-3467,-3468,-3468,-3468,-3468,-3468,-3468,-3469,-3469,-3469,-3469,-3469,-3469,-3470,-3470,-3470,-3470,-3470,-3460,-3460,-3460,-3460,-3460,-3460,-3451,-3440,-3440,-3441,-3441,-3441,-3441,-3441,-3441,-3442,-3442,-3442,-3442,-3442,-3442,-3443,-3443,-3443,-3443,-3443,-3433,-3433,-3433,-3423,-3423,-3423,-3423,-3413,-3413,-3403,-3403,-3403,-3394,-3394,-3394,-3394,-3394,-3394,-3395,-3395,-3395,-3395,-3395,-3396,-3396,-3396,-3386,-3376,-3376,-3376,-3376,-3376,-3366,-3366,-3366,-3366,-3367,-3367,-3367,-3367,-3367,-3367,-3368,-3368,-3368,-3368,-3368,-3359,-3359,-3359,-3359,-3359,-3360,-3360,-3360,-3360,-3360,-3360,-3361,-3361,-3353,-3353,-3353,-3353,-3353,-3353,-3354,-3354,-3344,-3344,-3344,-3344,-3345,-3345,-3345,-3345,-3345,-3336,-3336,-3336,-3336,-3326,-3317,-3307,-3297,-3297,-3297,-3297,-3297,-3297,-3288,-3280,-3271,-3271,-3271,-3262,-3252,-3242,-3242,-3242,-3242,-3242,-3232,-3233,-3224,-3224,-3214,-3205,-3205,-3205,-3205,-3195,-3195,-3195,-3195,-3196,-3196,-3196,-3196,-3196,-3196,-3187,-3187,-3187,-3178,-3179,-3179,-3169,-3169,-3170,-3160,-3160,-3160,-3160,-3161,-3150,-3140,-3130,-3131,-3131,-3120,-3120,-3121,-3121,-3121,-3121,-3121,-3121,-3122,-3122,-3122,-3122,-3122,-3123,-3123,-3113,-3113,-3113,-3103,-3103,-3103,-3103,-3104,-3104,-3094,-3085,-3075,-3075,-3065,-3065,-3066,-3066,-3066,-3066,-3066,-3058,-3058,-3058,-3049,-3049,-3049,-3050,-3050,-3041,-3041,-3031,-3031,-3031,-3022,-3022,-3023,-3023,-3023,-3023,-3023,-3023,-3024,-3024,-3014,-3014,-3015,-3015,-3005,-3005,-3005,-3005,-2996,-2996,-2986,-2976,-2976,-2976,-2977,-2967,-2958,-2948,-2938,-2938,-2939,-2929,-2929,-2919,-2909,-2909,-2899,-2899,-2899,-2899,-2900,-2890,-2890,-2890,-2890,-2891,-2881,-2881,-2881,-2881,-2872,-2873,-2863,-2863,-2863,-2863,-2854,-2854,-2854,-2844,-2835,-2836,-2826,-2826,-2816,-2806,-2806,-2806,-2798,-2798,-2798,-2798,-2790,-2780,-2780,-2771,-2762,-2753,-2743,-2733,-2733,-2723,-2714,-2714,-2714,-2714,-2714,-2715,-2715,-2705,-2705,-2695,-2695,-2696,-2687,-2687,-2687,-2677,-2678,-2678,-2678,-2678,-2678,-2678,-2668,-2659,-2659,-2649,-2649,-2639,-2639,-2639,-2639,-2640,-2630,-2630,-2630,-2630,-2620,-2620,-2611,-2601,-2601,-2601,-2601,-2601,-2591,-2592,-2582,-2572,-2562,-2552,-2553,-2553,-2553,-2543,-2533,-2533,-2523,-2523,-2524,-2524,-2514,-2514,-2514,-2504,-2494,-2485,-2475,-2465,-2455,-2445,-2435,-2425,-2418,-2418,-2418,-2415,-2415,-2405,-2405,-2395,-2385,-2375,-2364,-2354,-2355,-2345,-2345,-2335,-2325,-2325,-2325,-2325,-2325,-2325,-2315,-2305,-2306,-2296,-2296,-2296,-2286,-2286,-2276,-2277,-2267,-2257,-2257,-2247,-2247,-1891,-1891,-1886,-1882,-1882,-1882,-1877,-1873,-1873,-1874,-1874,-1874,-1870,-1865,-1865,-1860,-1856,-1856,-1852,-1852,-1847,-1847,-1843,-1843,-1838,-1834,-1829,-1829,-1829,-1830,-1825,-1825,-1825,-1825,-1825,-1821,-1817,-1812,-1807,-1802,-1797,-1797,-1797,-1798,-1793,-1793,-1793,-1793,-1788,-1784,-1779,-1774,-1774,-1774,-1774,-1775,-1770,-1765,-1762,-1762,-1762,-1759,-1759,-1759,-1754,-1750,-1750,-1746,-1746,-1742,-1742,-1742,-1742,-1743,-1739,-1734,-1730,-1730,-1730,-1726,-1721,-1716,-1711,-1711,-1707,-1702,-1702,-1697,-1697,-1693,-1688,-1688,-1688,-1688,-1684,-1684,-1684,-1679,-1675,-1670,-1670,-1665,-1665,-1666,-1661,-1661,-1661,-1657,-1657,-1652,-1648,-1648,-1643,-1639,-1634,-1630,-1625,-1621,-1616,-1611,-1607,-1607,-1602,-1598,-1594,-1589,-1585,-1585,-1580,-1580,-1576,-1571,-1567,-1563,-1563,-1563,-1559,-1555,-1551,-1546,-1541,-1536,-1531,-1527,-1522,-1517,-1518,-1518,-1513,-1508,-1504,-1499,-1494,-1489,-1490,-1490,-1485,-1485,-1481,-1481,-1477,-1477,-1477,-1472,-1473,-1473,-1468,-1464,-1459,-1455,-1450,-1451,-1451,-1446,-1442,-1437,-1433,-1433,-1428,-1428,-1424,-1419,-1419,-1415,-1412,-1412,-1408,-1408,-1403,-1403,-1399,-1394,-1389,-1384,-1384,-1380,-1375,-1375,-1371,-1366,-1366,-1361,-1361,-1357,-1352,-1348,-1343,-1338,-1338,-1334,-1334,-1334,-1334,-1334,-1329,-1330,-1325,-1320,-1315,-1311,-1306,-1302,-1298,-1293,-1293,-1290,-1285,-1281,-1281,-1277,-1273,-1273,-1268,-1268,-1264,-1259,-1254,-1249,-1245,-1240,-1236,-1232,-1232,-1228,-1223,-1223,-1218,-1213,-1214,-1214,-1214,-1214,-1209,-1209,-1205,-1205,-1205,-1200,-1196,-1196,-1191,-1186,-1182,-1178,-1173,-1169,-1164,-1160,-1160,-1155,-1156,-1156,-1156,-1156,-1151,-1147,-1142,-1138,-1134,-1129,-1125,-1120,-1115,-1111,-1106,-1106,-1106,-1101,-1097,-1092,-1088,-1084,-1084,-1080,-1076,-1071,-1066,-1061,-1056,-1057,-1057,-1052,-1047,-1043,-1038,-1033,-1028,-1024,-1019,-1015,-1011,-1011,-1011,-1007,-1007,-1007,-1002,-998,-998,-998,-994,-989,-985,-980,-976,-971,-967,-963,-958,-954,-949,-945,-945,-940,-936,-936,-931,-927,-922,-918,-913,-908,-903,-899,-894,-889,-890,-885,-885,-880,-876,-876,-871,-866,-861,-857,-852,-847,-847,-842,-838,-833,-828,-823,-818,-819,-814,-809,-804,-799,-794,-789,-784,-779,-774,-774,-772,-772,-768,-764,-764,-759,-754,-749,-750,-745,-740,-735,-730,-725,-720,-715,-715,-710,-705,-701,-696,-691,-686,-338,-338,-338,-338,-338,-338,-338,-338,-338,-338,-338,-338,-338,-338,-338,-338,-338,-338,-338,-338,-338,-338,-338,-338,-338,-338,-338,-338,-338,-338,-338,-338,-338,-338,-338,-338,-338,-338,-338,-338,-338,-338,-338,-338,-338,-338,-338,-338,-338,-338,-338,-338,-338,-338,-338,-338,-338,-338,-338,-338,-338,-338,-338,-338,-338,-338,-338,-338,-338,-338,-338,-338,-338,-338,-338,-338,-338,-338,-338,-338,-338,-338,-338,-318,-298,-278,-258,-238,-218,-198,-178,-158,-138,-119,-99,-79,-59,-39,-19,0
-3496,-3496,-3496,-3496,-3497,-3497,-3497,-3497,-3497,-3497,-3498,-3498,-3498,-3498,-3498,-3499,-3499,-3499,-3499,-3499,-3499,-3500,-3500,-3500,-3500,-3500,-3501,-3501,-3501,-3501,-3501,-3501,-3502,-3502,-3502,-3502,-3502,-3503,-3503,-3503,-3503,-3503,-3503,-3504,-3504,-3504,-3504,-3504,-3505,-3505,-3505,-3505,-3505,-3505,-3506,-3506,-3506,-3506,-3506,-3495,-3495,-3496,-3496,-3485,-3485,-3485,-3485,-3474,-3475,-3475,-3475,-3475,-3475,-3475,-3476,-3476,-3476,-3476,-3476,-3477,-3477,-3477,-3477,-3477,-3477,-3478,-3478,-3478,-3478,-3478,-3479,-3479,-3479,-3479,-3479,-3479,-3470,-3470,-3470,-3470,-3471,-3471,-3460,-3449,-3449,-3450,-3450,-3450,-3450,-3450,-3451,-3451,-3451,-3451,-3451,-3451,-3452,-3452,-3452,-3452,-3452,-3453,-3442,-3443,-3443,-3432,-3433,-3433,-3433,-3422,-3423,-3413,-3413,-3413,-3403,-3403,-3404,-3404,-3404,-3404,-3404,-3404,-3405,-3405,-3405,-3405,-3405,-3406,-3395,-3385,-3385,-3385,-3386,-3386,-3376,-3376,-3376,-3377,-3377,-3377,-3377,-3377,-3377,-3378,-3378,-3378,-3378,-3378,-3379,-3370,-3370,-3371,-3371,-3371,-3371,-3371,-3371,-3372,-3372,-3372,-3372,-3372,-3363,-3363,-3363,-3363,-3363,-3363,-3364,-3364,-3354,-3354,-3354,-3355,-3355,-3355,-3355,-3355,-3355,-3346,-3346,-3346,-3346,-3337,-3327,-3316,-3306,-3307,-3307,-3307,-3307,-3307,-3300,-3291,-3282,-3282,-3282,-3272,-3262,-3252,-3252,-3252,-3252,-3252,-3243,-3244,-3234,-3234,-3224,-3214,-3214,-3215,-3215,-3205,-3205,-3205,-3205,-3206,-3206,-3206,-3206,-3206,-3206,-3198,-3198,-3198,-3189,-3189,-3189,-3179,-3180,-3180,-3170,-3170,-3170,-3170,-3170,-3160,-3150,-3140,-3140,-3140,-3130,-3130,-3130,-3130,-3131,-3131,-3131,-3131,-3131,-3131,-3132,-3132,-3132,-3132,-3132,-3122,-3122,-3123,-3113,-3114,-3114,-3114,-3114,-3114,-3105,-3095,-3085,-3085,-3076,-3076,-3077,-3077,-3077,-3077,-3077,-3069,-3069,-3069,-3060,-3060,-3060,-3060,-3060,-3051,-3051,-3042,-3042,-3042,-3032,-3033,-3033,-3033,-3033,-3033,-3034,-3034,-3034,-3034,-3024,-3024,-3024,-3025,-3015,-3015,-3015,-3015,-3006,-3006,-2996,-2986,-2986,-2987,-2987,-2978,-2968,-2958,-2948,-2948,-2948,-2938,-2939,-2929,-2919,-2919,-2909,-2909,-2909,-2909,-2910,-2900,-2900,-2900,-2900,-2900,-2892,-2892,-2892,-2892,-2882,-2883,-2873,-2873,-2873,-2874,-2864,-2864,-2864,-2855,-2845,-2845,-2835,-2836,-2826,-2817,-2818,-2818,-2809,-2809,-2809,-2810,-2800,-2790,-2790,-2782,-2772,-2762,-2752,-2742,-2743,-2734,-2724,-2724,-2724,-2724,-2724,-2724,-2725,-2715,-2715,-2706,-2706,-2706,-2697,-2697,-2697,-2687,-2687,-2688,-2688,-2688,-2688,-2688,-2678,-2668,-2669,-2659,-2659,-2649,-2649,-2649,-2649,-2649,-2640,-2640,-2640,-2640,-2630,-2630,-2620,-2610,-2611,-2611,-2611,-2611,-2602,-2602,-2592,-2582,-2572,-2562,-2562,-2563,-2563,-2553,-2543,-2543,-2533,-2533,-2534,-2534,-2524,-2524,-2524,-2514,-2505,-2495,-2485,-2475,-2465,-2455,-2445,-2437,-2434,-2434,-2435,-2424,-2425,-2414,-2415,-2405,-2394,-2384,-2374,-2364,-2364,-2354,-2354,-2344,-2334,-2335,-2335,-2335,-2335,-2335,-2325,-2315,-2316,-2306,-2306,-2306,-2296,-2296,-2286,-2287,-2277,-2267,-2267,-2257,-2257,-1906,-1906,-1901,-1897,-1897,-1897,-1893,-1889,-1889,-1889,-1890,-1890,-1885,-1880,-1880,-1875,-1872,-1872,-1867,-1867,-1862,-1862,-1858,-1858,-1854,-1849,-1844,-1844,-1844,-1845,-1840,-1840,-1840,-1840,-1841,-1836,-1832,-1827,-1822,-1817,-1812,-1812,-1812,-1813,-1808,-1808,-1808,-1808,-1803,-1798,-1794,-1789,-1789,-1790,-1790,-1790,-1785,-1782,-1778,-1778,-1779,-1774,-1774,-1774,-1769,-1765,-1765,-1762,-1762,-1758,-1758,-1758,-1758,-1759,-1754,-1749,-1745,-1745,-1745,-1741,-1736,-1731,-1726,-1727,-1722,-1717,-1717,-1712,-1712,-1708,-1703,-1703,-1704,-1704,-1699,-1699,-1699,-1694,-1690,-1685,-1685,-1681,-1681,-1681,-1676,-1677,-1677,-1672,-1672,-1667,-1663,-1663,-1659,-1654,-1649,-1645,-1640,-1636,-1631,-1627,-1622,-1622,-1618,-1614,-1609,-1605,-1600,-1600,-1595,-1596,-1591,-1587,-1583,-1578,-1578,-1579,-1575,-1570,-1566,-1561,-1556,-1551,-1547,-1542,-1537,-1532,-1533,-1533,-1528,-1523,-1519,-1514,-1509,-1505,-1505,-1505,-1500,-1501,-1496,-1497,-1492,-1492,-1492,-1488,-1488,-1488,-1483,-1479,-1474,-1470,-1465,-1466,-1466,-1462,-1457,-1452,-1448,-1448,-1443,-1443,-1439,-1434,-1435,-1432,-1427,-1427,-1423,-1423,-1418,-1418,-1414,-1409,-1404,-1399,-1400,-1395,-1390,-1391,-1386,-1381,-1381,-1377,-1377,-1372,-1367,-1363,-1358,-1353,-1353,-1348,-1349,-1349,-1349,-1349,-1344,-1345,-1340,-1335,-1331,-1326,-1322,-1317,-1313,-1309,-1310,-1305,-1301,-1296,-1297,-1292,-1288,-1288,-1283,-1283,-1279,-1274,-1269,-1265,-1260,-1255,-1252,-1247,-1247,-1243,-1238,-1238,-1233,-1228,-1229,-1229,-1229,-1229,-1224,-1225,-1220,-1220,-1220,-1215,-1211,-1211,-1206,-1202,-1198,-1193,-1188,-1184,-1180,-1175,-1175,-1171,-1171,-1171,-1171,-1171,-1167,-1162,-1158,-1154,-1149,-1144,-1140,-1135,-1130,-1126,-1121,-1121,-1121,-1117,-1112,-1108,-1104,-1099,-1099,-1095,-1091,-1086,-1081,-1076,-1072,-1072,-1072,-1067,-1062,-1058,-1053,-1048,-1043,-1039,-1035,-1031,-1026,-1026,-1026,-1022,-1022,-1022,-1018,-1013,-1013,-1014,-1009,-1005,-1000,-995,-991,-987,-983,-978,-974,-969,-965,-960,-960,-956,-951,-951,-947,-942,-937,-933,-928,-923,-919,-914,-909,-905,-905,-900,-900,-895,-891,-891,-886,-881,-877,-872,-867,-862,-862,-858,-853,-848,-843,-838,-833,-833,-829,-824,-819,-814,-809,-804,-799,-794,-792,-792,-792,-788,-784,-779,-779,-774,-769,-764,-764,-760,-755,-750,-745,-740,-735,-730,-730,-725,-720,-716,-711,-706,-701,-358,-358,-358,-358,-358,-358,-358,-358,-358,-358,-358,-358,-358,-358,-358,-358,-358,-358,-358,-358,-358,-358,-358,-358,-358,-358,-358,-358,-358,-358,-358,-358,-358,-358,-358,-358,-358,-358,-358,-358,-358,-358,-358,-358,-358,-358,-358,-358,-358,-358,-358,-358,-358,-358,-358,-358,-358,-358,-358,-358,-358,-358,-358,-358,-358,-358,-358,-358,-358,-358,-358,-358,-358,-358,-358,-358,-358,-358,-358,-358,-358,-358,-338,-318,-298,-278,-258,-238,-218,-198,-178,-158,-138,-118,-99,-79,-59,-39,-19,0
-3504,-3504,-3504,-3505,-3505,-3505,-3505,-3505,-3506,-3506,-3506,-3506,-3506,-3507,-3507,-3507,-3507,-3507,-3508,-3508,-3508,-3508,-3508,-3508,-3509,-3509,-3509,-3509,-3509,-3510,-3510,-3510,-3510,-3510,-3511,-3511,-3511,-3511,-3511,-3511,-3512,-3512,-3512,-3512,-3512,-3513,-3513,-3513,-3513,-3513,-3514,-3514,-3514,-3514,-3514,-3515,-3515,-3515,-3515,-3504,-3504,-3504,-3505,-3494,-3494,-3494,-3494,-3484,-3484,-3485,-3485,-3485,-3485,-3485,-3486,-3486,-3486,-3486,-3486,-3487,-3487,-3487,-3487,-3487,-3488,-3488,-3488,-3488,-3488,-3488,-3489,-3489,-3489,-3489,-3489,-3490,-3479,-3479,-3479,-3479,-3480,-3480,-3469,-3459,-3459,-3459,-3459,-3460,-3460,-3460,-3460,-3460,-3461,-3461,-3461,-3461,-3461,-3461,-3462,-3462,-3462,-3462,-3452,-3452,-3452,-3442,-3442,-3442,-3442,-3433,-3433,-3423,-3423,-3423,-3413,-3413,-3413,-3413,-3414,-3414,-3414,-3414,-3414,-3414,-3415,-3415,-3415,-3415,-3405,-3395,-3395,-3395,-3396,-3396,-3387,-3388,-3388,-3388,-3388,-3388,-3388,-3389,-3389,-3389,-3389,-3389,-3390,-3390,-3390,-3380,-3380,-3380,-3381,-3381,-3381,-3381,-3381,-3382,-3382,-3382,-3382,-3382,-3372,-3373,-3373,-3373,-3373,-3373,-3374,-3374,-3364,-3364,-3364,-3364,-3365,-3365,-3365,-3365,-3365,-3356,-3356,-3356,-3357,-3346,-3336,-3326,-3319,-3319,-3319,-3320,-3320,-3320,-3310,-3301,-3291,-3291,-3292,-3281,-3271,-3262,-3263,-3263,-3263,-3263,-3253,-3254,-3244,-3244,-3234,-3224,-3224,-3224,-3225,-3216,-3216,-3216,-3217,-3217,-3217,-3217,-3217,-3218,-3218,-3208,-3208,-3208,-3199,-3199,-3199,-3189,-3189,-3189,-3179,-3179,-3179,-3180,-3180,-3170,-3160,-3149,-3149,-3150,-3139,-3140,-3140,-3140,-3140,-3140,-3141,-3141,-3141,-3141,-3141,-3142,-3142,-3142,-3142,-3133,-3133,-3133,-3123,-3124,-3124,-3124,-3124,-3124,-3114,-3105,-3096,-3096,-3087,-3087,-3088,-3088,-3088,-3088,-3088,-3079,-3079,-3080,-3070,-3070,-3070,-3070,-3071,-3061,-3061,-3052,-3052,-3052,-3042,-3042,-3043,-3043,-3043,-3043,-3043,-3043,-3044,-3044,-3034,-3034,-3034,-3035,-3025,-3025,-3025,-3025,-3015,-3016,-3006,-2997,-2997,-2997,-2998,-2988,-2978,-2968,-2958,-2958,-2958,-2948,-2948,-2938,-2929,-2929,-2919,-2919,-2919,-2919,-2919,-2911,-2911,-2911,-2911,-2912,-2902,-2902,-2902,-2902,-2893,-2893,-2883,-2883,-2883,-2884,-2875,-2875,-2875,-2865,-2855,-2855,-2845,-2845,-2837,-2828,-2829,-2829,-2819,-2820,-2820,-2820,-2810,-2802,-2802,-2792,-2782,-2772,-2762,-2753,-2753,-2743,-2734,-2734,-2734,-2734,-2734,-2735,-2735,-2726,-2726,-2716,-2717,-2717,-2707,-2707,-2707,-2697,-2697,-2697,-2698,-2698,-2698,-2698,-2688,-2678,-2678,-2668,-2669,-2659,-2659,-2659,-2659,-2659,-2649,-2650,-2650,-2650,-2640,-2640,-2630,-2621,-2621,-2621,-2621,-2621,-2612,-2612,-2602,-2592,-2582,-2572,-2572,-2573,-2573,-2563,-2553,-2553,-2543,-2543,-2544,-2544,-2534,-2534,-2534,-2525,-2515,-2505,-2495,-2485,-2474,-2464,-2457,-2454,-2444,-2444,-2444,-2434,-2434,-2424,-2424,-2414,-2404,-2394,-2384,-2374,-2374,-2364,-2364,-2354,-2344,-2344,-2345,-2345,-2345,-2345,-2335,-2325,-2325,-2315,-2316,-2316,-2306,-2306,-2296,-2296,-2287,-2277,-2277,-2267,-2267,-1921,-1921,-1916,-1912,-1913,-1913,-1909,-1904,-1904,-1904,-1905,-1905,-1900,-1895,-1895,-1892,-1887,-1887,-1882,-1882,-1878,-1878,-1873,-1874,-1869,-1864,-1859,-1859,-1859,-1860,-1856,-1856,-1856,-1856,-1856,-1851,-1846,-1842,-1837,-1832,-1827,-1827,-1827,-1827,-1823,-1823,-1823,-1823,-1818,-1814,-1809,-1804,-1804,-1805,-1805,-1805,-1802,-1798,-1793,-1793,-1794,-1789,-1789,-1789,-1785,-1781,-1781,-1777,-1778,-1773,-1773,-1774,-1774,-1774,-1769,-1765,-1760,-1760,-1760,-1756,-1751,-1746,-1741,-1742,-1737,-1732,-1732,-1727,-1728,-1723,-1718,-1718,-1719,-1719,-1714,-1714,-1714,-1710,-1705,-1700,-1700,-1696,-1696,-1696,-1691,-1692,-1692,-1687,-1687,-1682,-1678,-1678,-1674,-1669,-1665,-1660,-1656,-1651,-1646,-1642,-1637,-1637,-1634,-1629,-1624,-1620,-1615,-1615,-1611,-1611,-1607,-1602,-1598,-1594,-1594,-1594,-1590,-1585,-1581,-1576,-1571,-1567,-1562,-1557,-1552,-1548,-1548,-1548,-1543,-1538,-1534,-1529,-1524,-1520,-1520,-1520,-1516,-1516,-1512,-1512,-1507,-1507,-1507,-1503,-1503,-1503,-1499,-1494,-1490,-1485,-1481,-1481,-1481,-1477,-1472,-1468,-1463,-1463,-1458,-1459,-1454,-1451,-1451,-1447,-1442,-1443,-1438,-1438,-1433,-1433,-1429,-1424,-1419,-1414,-1415,-1410,-1405,-1406,-1401,-1396,-1396,-1392,-1392,-1387,-1383,-1378,-1373,-1368,-1368,-1363,-1364,-1364,-1364,-1364,-1359,-1360,-1355,-1350,-1346,-1341,-1337,-1332,-1329,-1325,-1325,-1321,-1316,-1312,-1312,-1307,-1303,-1303,-1298,-1298,-1294,-1289,-1284,-1280,-1275,-1272,-1267,-1262,-1262,-1258,-1253,-1253,-1248,-1243,-1244,-1244,-1244,-1244,-1239,-1240,-1235,-1235,-1235,-1230,-1226,-1226,-1222,-1217,-1213,-1208,-1204,-1199,-1195,-1190,-1190,-1186,-1186,-1186,-1186,-1187,-1182,-1177,-1174,-1169,-1164,-1160,-1155,-1150,-1145,-1141,-1136,-1136,-1136,-1132,-1128,-1124,-1119,-1115,-1115,-1110,-1106,-1101,-1096,-1091,-1087,-1087,-1087,-1082,-1078,-1073,-1068,-1063,-1059,-1054,-1050,-1046,-1041,-1042,-1042,-1037,-1037,-1038,-1033,-1029,-1029,-1029,-1024,-1020,-1015,-1011,-1007,-1002,-998,-994,-989,-984,-980,-975,-975,-971,-966,-967,-962,-957,-952,-948,-943,-939,-934,-929,-924,-920,-920,-915,-915,-910,-906,-906,-901,-896,-892,-887,-882,-877,-877,-873,-868,-863,-858,-853,-848,-848,-843,-839,-834,-829,-824,-819,-814,-812,-812,-812,-808,-804,-799,-794,-794,-789,-784,-779,-779,-774,-769,-765,-760,-755,-750,-745,-745,-740,-735,-731,-726,-721,-716,-378,-378,-378,-378,-378,-378,-378,-378,-378,-378,-378,-378,-378,-378,-378,-378,-378,-378,-378,-378,-378,-378,-378,-378,-378,-378,-378,-378,-378,-378,-378,-378,-378,-378,-378,-378,-378,-378,-378,-377,-377,-377,-377,-377,-377,-377,-377,-377,-378,-378,-378,-378,-378,-378,-378,-378,-378,-378,-378,-378,-378,-378,-378,-378,-377,-377,-377,-377,-377,-377,-377,-377,-377,-378,-378,-378,-378,-378,-378,-378,-378,-358,-338,-318,-298,-278,-258,-238,-218,-198,-178,-158,-138,-118,-99,-79,-59,-39,-19,0
-3512,-3512,-3513,-3513,-3513,-3513,-3513,-3514,-3514,-3514,-3514,-3514,-3515,-3515,-3515,-3515,-3515,-3516,-3516,-3516,-3516,-3516,-3517,-3517,-3517,-3517,-3517,-3518,-3518,-3518,-3518,-3518,-3519,-3519,-3519,-3519,-3519,-3520,-3520,-3520,-3520,-3520,-3521,-3521,-3521,-3521,-3521,-3522,-3522,-3522,-3522,-3522,-3523,-3523,-3523,-3523,-3523,-3524,-3524,-3513,-3513,-3513,-3513,-3503,-3504,-3504,-3504,-3493,-3493,-3493,-3494,-3494,-3494,-3494,-3494,-3495,-3495,-3495,-3495,-3495,-3496,-3496,-3496,-3496,-3496,-3497,-3497,-3497,-3497,-3497,-3498,-3498,-3498,-3498,-3498,-3499,-3488,-3488,-3488,-3488,-3489,-3489,-3479,-3468,-3468,-3468,-3469,-3469,-3469,-3469,-3469,-3470,-3470,-3470,-3470,-3470,-3471,-3471,-3471,-3471,-3471,-3472,-3461,-3461,-3461,-3452,-3452,-3452,-3453,-3442,-3442,-3432,-3432,-3433,-3422,-3422,-3422,-3423,-3423,-3423,-3423,-3423,-3424,-3424,-3424,-3424,-3424,-3425,-3415,-3406,-3407,-3407,-3407,-3407,-3397,-3397,-3397,-3398,-3398,-3398,-3398,-3398,-3399,-3399,-3399,-3399,-3399,-3400,-3400,-3390,-3390,-3390,-3390,-3391,-3391,-3391,-3391,-3391,-3392,-3392,-3392,-3392,-3382,-3383,-3383,-3383,-3383,-3383,-3384,-3384,-3374,-3374,-3375,-3375,-3375,-3375,-3375,-3376,-3376,-3366,-3366,-3366,-3366,-3356,-3346,-3339,-3329,-3329,-3330,-3330,-3330,-3330,-3321,-3311,-3301,-3301,-3301,-3291,-3282,-3272,-3273,-3273,-3273,-3273,-3264,-3264,-3254,-3254,-3244,-3235,-3235,-3236,-3236,-3226,-3226,-3227,-3227,-3227,-3227,-3227,-3227,-3228,-3228,-3218,-3218,-3219,-3208,-3209,-3209,-3198,-3199,-3199,-3189,-3189,-3189,-3190,-3190,-3179,-3169,-3159,-3159,-3159,-3150,-3150,-3150,-3150,-3151,-3151,-3151,-3151,-3151,-3152,-3152,-3152,-3152,-3152,-3153,-3143,-3143,-3143,-3133,-3133,-3134,-3134,-3134,-3134,-3124,-3116,-3107,-3107,-3098,-3098,-3098,-3098,-3099,-3099,-3099,-3089,-3089,-3090,-3080,-3080,-3081,-3081,-3081,-3072,-3072,-3062,-3062,-3062,-3052,-3052,-3052,-3053,-3053,-3053,-3053,-3053,-3054,-3054,-3044,-3044,-3044,-3045,-3035,-3035,-3035,-3035,-3026,-3026,-3017,-3007,-3007,-3007,-3007,-2998,-2988,-2978,-2968,-2968,-2968,-2958,-2958,-2948,-2938,-2939,-2930,-2930,-2930,-2930,-2931,-2921,-2921,-2921,-2921,-2921,-2912,-2912,-2912,-2912,-2903,-2903,-2894,-2894,-2894,-2894,-2884,-2885,-2885,-2875,-2865,-2865,-2857,-2857,-2848,-2839,-2839,-2839,-2829,-2829,-2830,-2830,-2821,-2812,-2812,-2802,-2792,-2782,-2773,-2763,-2763,-2753,-2744,-2744,-2745,-2745,-2745,-2745,-2745,-2736,-2736,-2726,-2726,-2726,-2716,-2717,-2717,-2707,-2707,-2707,-2707,-2708,-2708,-2708,-2698,-2688,-2688,-2678,-2678,-2668,-2669,-2669,-2669,-2669,-2659,-2659,-2660,-2660,-2650,-2650,-2640,-2631,-2631,-2631,-2631,-2631,-2622,-2622,-2612,-2602,-2592,-2582,-2582,-2582,-2583,-2573,-2563,-2563,-2553,-2553,-2553,-2554,-2544,-2544,-2544,-2534,-2524,-2514,-2504,-2494,-2484,-2477,-2474,-2464,-2453,-2454,-2454,-2444,-2444,-2434,-2434,-2424,-2414,-2404,-2394,-2384,-2384,-2374,-2374,-2364,-2354,-2354,-2354,-2355,-2355,-2355,-2345,-2335,-2335,-2325,-2326,-2326,-2316,-2316,-2306,-2306,-2297,-2287,-2287,-2277,-2277,-1936,-1936,-1932,-1928,-1929,-1929,-1924,-1919,-1919,-1919,-1920,-1920,-1915,-1911,-1911,-1906,-1901,-1902,-1897,-1897,-1893,-1893,-1888,-1888,-1884,-1879,-1875,-1875,-1875,-1875,-1870,-1871,-1871,-1871,-1871,-1866,-1862,-1857,-1852,-1847,-1842,-1842,-1842,-1842,-1837,-1838,-1838,-1838,-1833,-1829,-1824,-1821,-1821,-1821,-1821,-1822,-1818,-1813,-1808,-1809,-1809,-1804,-1805,-1805,-1801,-1797,-1797,-1793,-1793,-1788,-1788,-1789,-1789,-1789,-1785,-1780,-1775,-1775,-1776,-1771,-1766,-1761,-1756,-1757,-1752,-1747,-1747,-1743,-1743,-1738,-1733,-1733,-1734,-1734,-1729,-1729,-1729,-1724,-1720,-1715,-1716,-1711,-1711,-1711,-1706,-1707,-1707,-1702,-1702,-1698,-1693,-1694,-1689,-1685,-1680,-1675,-1671,-1666,-1662,-1657,-1653,-1653,-1649,-1644,-1640,-1635,-1630,-1630,-1626,-1627,-1622,-1618,-1614,-1610,-1610,-1610,-1605,-1600,-1596,-1591,-1587,-1582,-1577,-1572,-1567,-1563,-1563,-1563,-1558,-1554,-1549,-1544,-1540,-1535,-1536,-1536,-1531,-1531,-1527,-1527,-1522,-1522,-1523,-1518,-1519,-1519,-1514,-1510,-1505,-1501,-1496,-1497,-1497,-1492,-1487,-1483,-1478,-1478,-1474,-1474,-1471,-1467,-1467,-1462,-1457,-1458,-1453,-1453,-1448,-1448,-1444,-1439,-1434,-1430,-1430,-1425,-1420,-1421,-1416,-1411,-1411,-1407,-1407,-1402,-1398,-1393,-1388,-1383,-1383,-1378,-1379,-1379,-1379,-1379,-1375,-1375,-1370,-1366,-1361,-1357,-1352,-1349,-1345,-1340,-1341,-1336,-1332,-1327,-1327,-1323,-1318,-1318,-1313,-1314,-1309,-1304,-1299,-1295,-1292,-1287,-1282,-1277,-1277,-1273,-1268,-1268,-1263,-1258,-1259,-1259,-1259,-1259,-1254,-1255,-1250,-1250,-1250,-1245,-1242,-1242,-1237,-1233,-1228,-1223,-1219,-1215,-1210,-1205,-1206,-1201,-1201,-1201,-1202,-1202,-1197,-1193,-1189,-1184,-1179,-1175,-1170,-1165,-1161,-1156,-1151,-1151,-1151,-1148,-1144,-1139,-1135,-1130,-1130,-1125,-1121,-1116,-1111,-1106,-1102,-1102,-1102,-1097,-1093,-1088,-1083,-1079,-1074,-1070,-1066,-1061,-1057,-1057,-1057,-1052,-1053,-1053,-1048,-1044,-1044,-1044,-1040,-1035,-1031,-1026,-1022,-1018,-1014,-1009,-1004,-1000,-995,-990,-990,-986,-981,-982,-977,-972,-968,-963,-958,-954,-949,-944,-939,-935,-935,-930,-930,-925,-921,-921,-916,-911,-907,-902,-897,-892,-892,-887,-883,-878,-873,-868,-863,-863,-858,-853,-849,-844,-839,-834,-832,-832,-828,-828,-824,-819,-814,-809,-809,-804,-799,-794,-794,-789,-784,-779,-774,-770,-765,-760,-760,-755,-750,-745,-741,-736,-731,-397,-397,-397,-397,-397,-397,-397,-397,-397,-397,-397,-397,-397,-397,-397,-397,-397,-397,-397,-397,-397,-397,-397,-397,-397,-397,-397,-397,-397,-397,-397,-397,-397,-397,-397,-397,-397,-397,-397,-397,-397,-397,-397,-397,-397,-397,-397,-397,-397,-397,-397,-397,-397,-397,-397,-397,-397,-397,-397,-397,-397,-397,-397,-397,-397,-397,-397,-397,-397,-397,-397,-397,-397,-397,-397,-397,-397,-397,-397,-397,-377,-357,-337,-317,-298,-278,-258,-238,-218,-198,-178,-158,-138,-118,-98,-79,-59,-39,-19,0
-3520,-3521,-3521,-3521,-3521,-3522,-3522,-3522,-3522,-3522,-3523,-3523,-3523,-3523,-3523,-3524,-3524,-3524,-3524,-3524,-3525,-3525,-3525,-3525,-3526,-3526,-3526,-3526,-3526,-3527,-3527,-3527,-3527,-3527,-3528,-3528,-3528,-3528,-3528,-3529,-3529,-3529,-3529,-3529,-3530,-3530,-3530,-3530,-3531,-3531,-3531,-3531,-3531,-3532,-3532,-3532,-3532,-3532,-3533,-3523,-3523,-3523,-3523,-3512,-3512,-3513,-3513,-3502,-3502,-3502,-3502,-3503,-3503,-3503,-3503,-3503,-3504,-3504,-3504,-3504,-3505,-3505,-3505,-3505,-3505,-3506,-3506,-3506,-3506,-3506,-3507,-3507,-3507,-3507,-3507,-3508,-3497,-3498,-3498,-3498,-3498,-3498,-3488,-3477,-3477,-3477,-3478,-3478,-3478,-3478,-3479,-3479,-3479,-3479,-3479,-3480,-3480,-3480,-3480,-3480,-3481,-3481,-3471,-3472,-3472,-3461,-3462,-3462,-3462,-3452,-3452,-3441,-3442,-3442,-3432,-3432,-3432,-3433,-3433,-3433,-3433,-3433,-3434,-3434,-3434,-3434,-3434,-3435,-3426,-3416,-3416,-3416,-3417,-3417,-3407,-3407,-3407,-3407,-3408,-3408,-3408,-3408,-3408,-3409,-3409,-3409,-3409,-3409,-3410,-3400,-3400,-3400,-3400,-3400,-3401,-3401,-3401,-3401,-3401,-3402,-3402,-3402,-3392,-3393,-3393,-3393,-3393,-3394,-3394,-3394,-3384,-3384,-3384,-3384,-3385,-3385,-3385,-3385,-3385,-3375,-3375,-3376,-3376,-3366,-3359,-3349,-3340,-3340,-3340,-3341,-3341,-3341,-3331,-3321,-3311,-3311,-3311,-3302,-3292,-3283,-3283,-3283,-3283,-3283,-3273,-3273,-3263,-3264,-3255,-3245,-3245,-3246,-3246,-3236,-3236,-3236,-3237,-3237,-3237,-3237,-3238,-3238,-3238,-3228,-3228,-3228,-3218,-3218,-3218,-3208,-3209,-3209,-3198,-3199,-3199,-3199,-3199,-3189,-3179,-3169,-3169,-3170,-3160,-3160,-3160,-3160,-3161,-3161,-3161,-3161,-3161,-3162,-3162,-3162,-3162,-3162,-3163,-3153,-3153,-3153,-3143,-3143,-3144,-3144,-3144,-3144,-3135,-3127,-3117,-3118,-3108,-3108,-3108,-3108,-3109,-3109,-3109,-3100,-3100,-3100,-3090,-3091,-3091,-3091,-3091,-3081,-3081,-3071,-3072,-3072,-3062,-3062,-3062,-3063,-3063,-3063,-3063,-3063,-3064,-3064,-3054,-3054,-3054,-3054,-3045,-3045,-3045,-3045,-3036,-3037,-3027,-3017,-3017,-3017,-3017,-3007,-2997,-2987,-2977,-2978,-2978,-2968,-2968,-2958,-2949,-2950,-2940,-2940,-2940,-2940,-2940,-2931,-2931,-2931,-2931,-2932,-2922,-2922,-2922,-2923,-2913,-2914,-2904,-2904,-2904,-2904,-2894,-2894,-2895,-2885,-2876,-2877,-2868,-2868,-2859,-2849,-2849,-2849,-2841,-2841,-2841,-2841,-2832,-2822,-2822,-2812,-2802,-2793,-2783,-2773,-2773,-2764,-2754,-2755,-2755,-2755,-2755,-2756,-2756,-2746,-2746,-2736,-2736,-2736,-2726,-2726,-2727,-2717,-2717,-2717,-2717,-2717,-2718,-2718,-2708,-2698,-2698,-2688,-2688,-2678,-2678,-2679,-2679,-2679,-2669,-2669,-2669,-2670,-2660,-2660,-2650,-2641,-2641,-2641,-2641,-2641,-2631,-2632,-2622,-2612,-2602,-2592,-2592,-2592,-2592,-2583,-2573,-2573,-2563,-2563,-2564,-2564,-2554,-2554,-2554,-2544,-2534,-2524,-2514,-2504,-2497,-2494,-2483,-2473,-2463,-2463,-2464,-2453,-2454,-2444,-2444,-2434,-2424,-2413,-2403,-2393,-2394,-2384,-2384,-2374,-2364,-2364,-2364,-2364,-2365,-2365,-2355,-2345,-2345,-2335,-2335,-2336,-2326,-2326,-2316,-2316,-2306,-2297,-2297,-2287,-2287,-1952,-1952,-1948,-1943,-1943,-1944,-1939,-1934,-1934,-1934,-1934,-1935,-1931,-1926,-1926,-1921,-1917,-1917,-1913,-1913,-1908,-1908,-1903,-1903,-1899,-1895,-1889,-1890,-1890,-1890,-1885,-1885,-1886,-1886,-1886,-1881,-1876,-1871,-1866,-1862,-1857,-1857,-1857,-1857,-1853,-1853,-1853,-1853,-1849,-1844,-1841,-1837,-1837,-1837,-1837,-1838,-1833,-1828,-1824,-1824,-1824,-1820,-1821,-1821,-1817,-1812,-1813,-1808,-1808,-1804,-1804,-1804,-1804,-1804,-1800,-1795,-1790,-1790,-1791,-1786,-1781,-1776,-1771,-1772,-1767,-1762,-1762,-1758,-1758,-1753,-1748,-1748,-1748,-1749,-1744,-1744,-1744,-1740,-1735,-1730,-1731,-1726,-1726,-1726,-1721,-1722,-1722,-1718,-1718,-1713,-1709,-1709,-1704,-1700,-1695,-1691,-1686,-1681,-1677,-1673,-1668,-1669,-1664,-1659,-1655,-1650,-1646,-1646,-1642,-1642,-1638,-1634,-1629,-1625,-1625,-1625,-1620,-1615,-1611,-1606,-1602,-1597,-1592,-1587,-1582,-1578,-1578,-1578,-1573,-1569,-1564,-1560,-1555,-1551,-1551,-1551,-1546,-1546,-1542,-1542,-1538,-1538,-1538,-1533,-1534,-1534,-1530,-1525,-1521,-1516,-1511,-1512,-1512,-1507,-1502,-1498,-1493,-1494,-1491,-1491,-1486,-1482,-1482,-1477,-1472,-1473,-1468,-1468,-1463,-1464,-1459,-1454,-1450,-1445,-1445,-1440,-1436,-1436,-1431,-1426,-1427,-1422,-1422,-1417,-1413,-1408,-1403,-1398,-1398,-1394,-1394,-1394,-1394,-1394,-1390,-1390,-1386,-1381,-1377,-1372,-1369,-1364,-1360,-1356,-1356,-1352,-1347,-1342,-1342,-1338,-1333,-1333,-1328,-1329,-1324,-1319,-1315,-1312,-1307,-1302,-1297,-1292,-1292,-1288,-1283,-1283,-1278,-1273,-1274,-1274,-1274,-1274,-1269,-1270,-1265,-1265,-1265,-1261,-1257,-1257,-1252,-1248,-1243,-1239,-1234,-1230,-1225,-1221,-1221,-1216,-1216,-1216,-1217,-1217,-1213,-1208,-1204,-1199,-1194,-1190,-1185,-1180,-1176,-1171,-1167,-1167,-1167,-1163,-1159,-1155,-1150,-1145,-1145,-1140,-1136,-1131,-1126,-1121,-1117,-1117,-1117,-1112,-1108,-1103,-1098,-1094,-1090,-1085,-1081,-1076,-1072,-1072,-1072,-1068,-1068,-1068,-1064,-1059,-1059,-1059,-1055,-1050,-1046,-1042,-1037,-1033,-1029,-1024,-1019,-1015,-1010,-1006,-1006,-1001,-997,-997,-992,-987,-983,-978,-973,-969,-964,-959,-954,-950,-950,-945,-945,-940,-936,-936,-931,-926,-921,-917,-912,-907,-907,-903,-898,-893,-888,-883,-878,-878,-873,-868,-863,-858,-853,-851,-851,-847,-843,-844,-839,-833,-828,-824,-824,-819,-814,-809,-809,-804,-799,-794,-789,-784,-780,-775,-775,-770,-765,-760,-756,-751,-746,-417,-417,-417,-417,-417,-417,-417,-417,-417,-417,-417,-417,-417,-417,-417,-417,-417,-417,-417,-417,-417,-417,-417,-417,-417,-417,-417,-417,-417,-417,-417,-417,-417,-417,-417,-417,-417,-417,-417,-417,-417,-417,-417,-417,-417,-417,-417,-417,-417,-417,-417,-417,-417,-417,-417,-417,-417,-417,-417,-417,-417,-417,-417,-417,-417,-417,-417,-417,-417,-417,-417,-417,-417,-417,-417,-417,-417,-417,-417,-397,-377,-357,-337,-317,-297,-277,-257,-238,-218,-198,-178,-158,-138,-118,-98,-79,-59,-39,-19,0
-3530,-3530,-3530,-3530,-3531,-3531,-3531,-3531,-3531,-3532,-3532,-3532,-3532,-3533,-3533,-3533,-3533,-3533,-3534,-3534,-3534,-3534,-3535,-3535,-3535,-3535,-3535,-3536,-3536,-3536,-3536,-3537,-3537,-3537,-3537,-3537,-3538,-3538,-3538,-3538,-3538,-3539,-3539,-3539,-3539,-3540,-3540,-3540,-3540,-3540,-3541,-3541,-3541,-3541,-3542,-3542,-3542,-3542,-3542,-3531,-3532,-3532,-3532,-3521,-3521,-3521,-3522,-3511,-3511,-3511,-3512,-3512,-3512,-3512,-3513,-3513,-3513,-3513,-3513,-3514,-3514,-3514,-3514,-3515,-3515,-3515,-3515,-3515,-3516,-3516,-3516,-3516,-3516,-3517,-3517,-3517,-3506,-3507,-3507,-3507,-3507,-3508,-3497,-3487,-3487,-3488,-3488,-3488,-3488,-3488,-3489,-3489,-3489,-3489,-3490,-3490,-3490,-3490,-3490,-3491,-3491,-3491,-3481,-3481,-3481,-3471,-3471,-3471,-3472,-3461,-3461,-3451,-3452,-3452,-3443,-3443,-3443,-3444,-3444,-3444,-3444,-3445,-3445,-3445,-3445,-3445,-3446,-3446,-3436,-3426,-3426,-3426,-3426,-3426,-3416,-3417,-3417,-3417,-3417,-3417,-3418,-3418,-3418,-3418,-3418,-3419,-3419,-3419,-3419,-3410,-3410,-3410,-3410,-3411,-3411,-3411,-3411,-3411,-3412,-3412,-3412,-3412,-3402,-3402,-3402,-3403,-3403,-3403,-3403,-3403,-3393,-3393,-3394,-3394,-3394,-3394,-3394,-3395,-3395,-3385,-3385,-3385,-3386,-3378,-3369,-3360,-3349,-3350,-3350,-3350,-3350,-3351,-3340,-3330,-3321,-3322,-3322,-3312,-3302,-3292,-3292,-3293,-3293,-3293,-3283,-3283,-3275,-3275,-3265,-3255,-3255,-3256,-3256,-3246,-3246,-3246,-3246,-3246,-3247,-3247,-3247,-3247,-3248,-3237,-3237,-3238,-3228,-3228,-3228,-3218,-3218,-3218,-3208,-3208,-3208,-3208,-3209,-3198,-3189,-3179,-3179,-3179,-3169,-3169,-3170,-3170,-3170,-3170,-3171,-3171,-3171,-3171,-3171,-3172,-3172,-3172,-3172,-3163,-3163,-3163,-3154,-3154,-3155,-3155,-3155,-3155,-3146,-3137,-3127,-3127,-3118,-3118,-3119,-3119,-3119,-3119,-3119,-3110,-3110,-3110,-3100,-3100,-3100,-3101,-3101,-3091,-3091,-3081,-3082,-3082,-3072,-3072,-3072,-3072,-3072,-3073,-3073,-3073,-3073,-3074,-3064,-3064,-3064,-3065,-3055,-3056,-3056,-3056,-3046,-3046,-3037,-3027,-3027,-3027,-3027,-3017,-3007,-2997,-2987,-2988,-2988,-2978,-2978,-2969,-2959,-2959,-2950,-2950,-2950,-2950,-2951,-2941,-2941,-2941,-2941,-2942,-2933,-2933,-2933,-2933,-2923,-2923,-2913,-2914,-2914,-2914,-2904,-2904,-2904,-2896,-2887,-2888,-2878,-2878,-2868,-2860,-2860,-2860,-2851,-2851,-2851,-2851,-2841,-2831,-2832,-2822,-2813,-2803,-2793,-2784,-2784,-2774,-2764,-2764,-2765,-2765,-2765,-2765,-2765,-2755,-2756,-2745,-2746,-2746,-2736,-2736,-2736,-2726,-2726,-2727,-2727,-2727,-2727,-2728,-2718,-2708,-2708,-2698,-2698,-2688,-2688,-2688,-2689,-2689,-2679,-2679,-2680,-2680,-2670,-2670,-2660,-2650,-2651,-2651,-2651,-2651,-2641,-2641,-2631,-2621,-2612,-2602,-2602,-2602,-2602,-2592,-2583,-2583,-2573,-2573,-2573,-2573,-2563,-2564,-2564,-2554,-2544,-2534,-2524,-2517,-2513,-2503,-2493,-2483,-2473,-2473,-2473,-2463,-2463,-2453,-2453,-2443,-2433,-2423,-2413,-2403,-2403,-2393,-2394,-2384,-2374,-2374,-2374,-2374,-2374,-2375,-2365,-2355,-2355,-2345,-2345,-2346,-2336,-2336,-2326,-2326,-2316,-2307,-2307,-2297,-2297,-1968,-1968,-1963,-1958,-1958,-1958,-1954,-1950,-1950,-1950,-1950,-1951,-1946,-1941,-1941,-1937,-1932,-1932,-1927,-1928,-1923,-1923,-1918,-1918,-1914,-1909,-1904,-1904,-1905,-1905,-1900,-1900,-1901,-1901,-1901,-1896,-1891,-1886,-1881,-1876,-1872,-1872,-1872,-1872,-1868,-1868,-1868,-1868,-1864,-1860,-1857,-1852,-1852,-1852,-1852,-1853,-1848,-1844,-1840,-1840,-1840,-1836,-1836,-1837,-1832,-1827,-1828,-1823,-1823,-1819,-1819,-1819,-1819,-1819,-1815,-1810,-1805,-1805,-1806,-1801,-1796,-1791,-1786,-1786,-1782,-1777,-1777,-1772,-1773,-1768,-1763,-1763,-1763,-1764,-1759,-1759,-1759,-1755,-1750,-1745,-1746,-1741,-1741,-1741,-1737,-1737,-1737,-1733,-1733,-1728,-1724,-1724,-1720,-1715,-1710,-1706,-1701,-1697,-1693,-1688,-1684,-1684,-1679,-1674,-1670,-1666,-1661,-1662,-1657,-1657,-1653,-1649,-1644,-1640,-1640,-1640,-1635,-1630,-1626,-1621,-1616,-1612,-1607,-1602,-1597,-1593,-1593,-1593,-1588,-1584,-1579,-1575,-1570,-1566,-1566,-1566,-1561,-1562,-1557,-1557,-1553,-1553,-1553,-1549,-1549,-1549,-1545,-1540,-1536,-1531,-1526,-1527,-1527,-1522,-1518,-1513,-1510,-1510,-1506,-1506,-1501,-1497,-1497,-1492,-1487,-1488,-1483,-1483,-1478,-1479,-1474,-1469,-1465,-1460,-1460,-1455,-1451,-1451,-1446,-1442,-1442,-1437,-1437,-1432,-1427,-1423,-1418,-1413,-1413,-1409,-1409,-1409,-1409,-1410,-1405,-1405,-1401,-1397,-1392,-1389,-1384,-1380,-1375,-1371,-1371,-1367,-1362,-1357,-1357,-1353,-1348,-1348,-1344,-1344,-1339,-1335,-1331,-1326,-1322,-1317,-1312,-1307,-1307,-1303,-1298,-1298,-1293,-1288,-1288,-1289,-1289,-1289,-1284,-1284,-1281,-1281,-1281,-1277,-1272,-1272,-1268,-1263,-1259,-1254,-1250,-1245,-1240,-1236,-1236,-1232,-1232,-1232,-1233,-1233,-1228,-1224,-1219,-1214,-1210,-1205,-1200,-1195,-1191,-1187,-1183,-1183,-1183,-1178,-1174,-1170,-1165,-1160,-1160,-1155,-1151,-1146,-1141,-1136,-1132,-1132,-1132,-1127,-1123,-1118,-1114,-1110,-1105,-1101,-1096,-1092,-1087,-1087,-1087,-1083,-1083,-1083,-1079,-1074,-1074,-1075,-1070,-1066,-1062,-1057,-1053,-1048,-1044,-1039,-1034,-1030,-1026,-1021,-1021,-1016,-1012,-1012,-1007,-1002,-998,-993,-988,-984,-979,-974,-969,-965,-965,-960,-960,-956,-951,-951,-946,-941,-937,-932,-927,-922,-922,-917,-912,-908,-903,-898,-893,-893,-888,-883,-878,-873,-871,-871,-867,-863,-858,-858,-853,-848,-843,-838,-839,-834,-829,-824,-824,-819,-814,-809,-804,-799,-795,-790,-790,-785,-780,-775,-771,-766,-761,-437,-437,-437,-437,-437,-437,-437,-437,-437,-437,-437,-437,-437,-437,-437,-437,-437,-437,-437,-437,-437,-437,-437,-437,-437,-437,-437,-437,-437,-437,-437,-437,-437,-437,-437,-437,-437,-437,-437,-437,-437,-437,-437,-437,-437,-437,-437,-437,-437,-437,-437,-437,-437,-437,-437,-437,-437,-437,-437,-437,-437,-437,-437,-437,-437,-437,-437,-437,-437,-437,-437,-437,-437,-437,-437,-437,-437,-437,-417,-397,-377,-357,-337,-317,-297,-277,-257,-237,-218,-198,-178,-158,-138,-118,-98,-79,-59,-39,-19,0
-3538,-3538,-3538,-3538,-3539,-3539,-3539,-3539,-3540,-3540,-3540,-3540,-3541,-3541,-3541,-3541,-3541,-3542,-3542,-3542,-3542,-3543,-3543,-3543,-3543,-3544,-3544,-3544,-3544,-3544,-3545,-3545,-3545,-3545,-3546,-3546,-3546,-3546,-3547,-3547,-3547,-3547,-3547,-3548,-3548,-3548,-3548,-3549,-3549,-3549,-3549,-3549,-3550,-3550,-3550,-3550,-3551,-3551,-3551,-3540,-3540,-3540,-3541,-3530,-3530,-3531,-3531,-3520,-3520,-3520,-3520,-3521,-3521,-3521,-3521,-3522,-3522,-3522,-3522,-3523,-3523,-3523,-3523,-3523,-3524,-3524,-3524,-3524,-3525,-3525,-3525,-3525,-3526,-3526,-3526,-3526,-3515,-3516,-3516,-3516,-3516,-3517,-3507,-3496,-3497,-3497,-3497,-3497,-3498,-3498,-3498,-3498,-3498,-3499,-3499,-3499,-3499,-3500,-3500,-3500,-3500,-3501,-3490,-3490,-3491,-3480,-3480,-3481,-3481,-3471,-3471,-3462,-3463,-3463,-3453,-3453,-3453,-3453,-3453,-3454,-3454,-3454,-3454,-3455,-3455,-3455,-3455,-3456,-3445,-3435,-3435,-3436,-3436,-3436,-3426,-3426,-3427,-3427,-3427,-3427,-3428,-3428,-3428,-3428,-3428,-3429,-3429,-3429,-3429,-3419,-3419,-3419,-3420,-3420,-3420,-3420,-3421,-3421,-3421,-3421,-3421,-3422,-3411,-3412,-3412,-3412,-3412,-3412,-3413,-3413,-3403,-3403,-3403,-3404,-3404,-3404,-3404,-3404,-3405,-3397,-3398,-3398,-3398,-3388,-3380,-3369,-3359,-3359,-3359,-3360,-3360,-3360,-3350,-3341,-3331,-3331,-3332,-3322,-3312,-3302,-3302,-3302,-3303,-3303,-3294,-3294,-3285,-3285,-3275,-3265,-3265,-3265,-3265,-3255,-3255,-3255,-3255,-3256,-3256,-3256,-3256,-3257,-3257,-3247,-3247,-3247,-3237,-3237,-3237,-3227,-3227,-3228,-3217,-3218,-3218,-3218,-3218,-3209,-3199,-3189,-3189,-3189,-3179,-3179,-3180,-3180,-3180,-3180,-3180,-3181,-3181,-3181,-3181,-3182,-3182,-3182,-3182,-3173,-3174,-3174,-3165,-3165,-3165,-3166,-3166,-3166,-3157,-3147,-3138,-3138,-3128,-3128,-3129,-3129,-3129,-3129,-3130,-3119,-3120,-3120,-3110,-3110,-3110,-3111,-3111,-3101,-3101,-3091,-3091,-3091,-3082,-3082,-3082,-3082,-3083,-3083,-3083,-3083,-3083,-3084,-3075,-3075,-3075,-3075,-3065,-3065,-3066,-3066,-3056,-3056,-3046,-3036,-3036,-3037,-3037,-3027,-3017,-3007,-2997,-2997,-2997,-2989,-2989,-2979,-2969,-2969,-2960,-2960,-2960,-2960,-2961,-2951,-2952,-2952,-2952,-2952,-2942,-2942,-2943,-2943,-2933,-2933,-2923,-2923,-2923,-2924,-2915,-2916,-2916,-2907,-2898,-2898,-2888,-2888,-2880,-2870,-2870,-2870,-2860,-2861,-2861,-2861,-2851,-2841,-2841,-2832,-2822,-2813,-2803,-2794,-2794,-2784,-2774,-2774,-2774,-2774,-2775,-2775,-2775,-2765,-2765,-2755,-2755,-2756,-2746,-2746,-2746,-2736,-2736,-2736,-2737,-2737,-2737,-2737,-2727,-2717,-2717,-2707,-2708,-2698,-2698,-2698,-2699,-2699,-2689,-2689,-2690,-2690,-2680,-2680,-2670,-2660,-2660,-2661,-2661,-2661,-2651,-2651,-2641,-2631,-2621,-2611,-2612,-2612,-2612,-2602,-2592,-2593,-2583,-2583,-2583,-2583,-2573,-2573,-2574,-2564,-2554,-2543,-2536,-2533,-2523,-2513,-2503,-2493,-2482,-2483,-2483,-2473,-2473,-2463,-2463,-2453,-2443,-2433,-2423,-2413,-2413,-2403,-2403,-2393,-2383,-2384,-2384,-2384,-2384,-2384,-2375,-2365,-2365,-2355,-2355,-2355,-2346,-2346,-2336,-2336,-2326,-2317,-2317,-2307,-2307,-1983,-1983,-1978,-1973,-1973,-1973,-1970,-1965,-1965,-1965,-1965,-1966,-1961,-1956,-1956,-1952,-1947,-1947,-1942,-1943,-1938,-1938,-1934,-1934,-1929,-1924,-1919,-1920,-1920,-1920,-1915,-1915,-1915,-1916,-1916,-1911,-1906,-1901,-1896,-1891,-1887,-1887,-1887,-1888,-1883,-1883,-1883,-1883,-1880,-1876,-1872,-1867,-1867,-1867,-1867,-1868,-1863,-1859,-1855,-1856,-1856,-1852,-1852,-1852,-1847,-1843,-1843,-1838,-1838,-1834,-1834,-1834,-1834,-1834,-1830,-1825,-1820,-1820,-1820,-1816,-1811,-1806,-1801,-1802,-1797,-1792,-1792,-1787,-1788,-1783,-1778,-1778,-1779,-1779,-1774,-1775,-1775,-1770,-1765,-1760,-1761,-1756,-1756,-1757,-1752,-1752,-1753,-1748,-1748,-1744,-1739,-1739,-1735,-1730,-1726,-1721,-1716,-1713,-1708,-1703,-1699,-1699,-1694,-1689,-1686,-1681,-1677,-1677,-1673,-1673,-1669,-1664,-1659,-1655,-1655,-1655,-1650,-1646,-1641,-1636,-1631,-1627,-1622,-1617,-1613,-1608,-1608,-1608,-1604,-1599,-1595,-1590,-1585,-1581,-1581,-1581,-1577,-1577,-1572,-1573,-1568,-1568,-1569,-1564,-1564,-1564,-1560,-1556,-1551,-1546,-1542,-1542,-1542,-1537,-1533,-1530,-1526,-1526,-1521,-1521,-1517,-1512,-1512,-1507,-1502,-1503,-1498,-1498,-1493,-1494,-1489,-1484,-1479,-1475,-1475,-1470,-1466,-1466,-1461,-1457,-1457,-1452,-1452,-1447,-1442,-1438,-1433,-1428,-1428,-1424,-1424,-1425,-1425,-1425,-1420,-1421,-1416,-1412,-1408,-1404,-1400,-1395,-1391,-1386,-1386,-1382,-1377,-1372,-1372,-1368,-1363,-1363,-1359,-1359,-1354,-1351,-1346,-1341,-1337,-1332,-1327,-1322,-1322,-1317,-1313,-1313,-1308,-1303,-1303,-1304,-1304,-1304,-1300,-1300,-1296,-1296,-1296,-1292,-1287,-1287,-1283,-1279,-1274,-1269,-1265,-1260,-1255,-1252,-1252,-1247,-1247,-1248,-1248,-1248,-1243,-1239,-1234,-1229,-1225,-1220,-1215,-1210,-1206,-1202,-1198,-1198,-1198,-1194,-1189,-1185,-1180,-1175,-1175,-1171,-1166,-1161,-1156,-1151,-1147,-1147,-1147,-1142,-1138,-1133,-1130,-1125,-1120,-1116,-1111,-1107,-1102,-1102,-1103,-1098,-1098,-1099,-1094,-1089,-1090,-1090,-1086,-1082,-1077,-1073,-1068,-1064,-1059,-1054,-1050,-1045,-1041,-1036,-1036,-1031,-1027,-1027,-1022,-1018,-1013,-1008,-1003,-999,-994,-989,-984,-979,-980,-975,-975,-970,-966,-966,-961,-956,-951,-947,-942,-937,-937,-932,-927,-922,-917,-913,-908,-908,-903,-898,-893,-891,-891,-887,-883,-878,-873,-873,-868,-863,-858,-853,-853,-848,-843,-839,-839,-834,-829,-824,-819,-814,-809,-805,-805,-800,-795,-790,-786,-781,-776,-457,-457,-457,-457,-457,-457,-457,-457,-457,-457,-457,-457,-457,-457,-457,-457,-457,-457,-457,-457,-457,-457,-457,-457,-457,-457,-457,-457,-457,-457,-457,-457,-457,-457,-457,-457,-457,-457,-457,-457,-457,-457,-457,-457,-457,-457,-457,-457,-457,-457,-457,-457,-457,-457,-457,-457,-457,-457,-457,-457,-457,-457,-457,-457,-457,-457,-457,-457,-457,-457,-457,-457,-457,-457,-457,-457,-457,-437,-417,-397,-377,-357,-337,-317,-297,-277,-257,-237,-217,-198,-178,-158,-138,-118,-98,-78,-59,-39,-19,0
-3546,-3546,-3546,-3547,-3547,-3547,-3547,-3548,-3548,-3548,-3548,-3548,-3549,-3549,-3549,-3549,-3550,-3550,-3550,-3550,-3551,-3551,-3551,-3551,-3552,-3552,-3552,-3552,-3553,-3553,-3553,-3553,-3554,-3554,-3554,-3554,-3554,-3555,-3555,-3555,-3555,-3556,-3556,-3556,-3556,-3557,-3557,-3557,-3557,-3558,-3558,-3558,-3558,-3559,-3559,-3559,-3559,-3560,-3560,-3549,-3549,-3550,-3550,-3539,-3539,-3539,-3540,-3529,-3529,-3529,-3529,-3529,-3530,-3530,-3530,-3530,-3531,-3531,-3531,-3531,-3532,-3532,-3532,-3532,-3533,-3533,-3533,-3533,-3534,-3534,-3534,-3534,-3535,-3535,-3535,-3535,-3525,-3526,-3526,-3526,-3526,-3527,-3516,-3506,-3506,-3506,-3506,-3507,-3507,-3507,-3507,-3508,-3508,-3508,-3508,-3508,-3509,-3509,-3509,-3509,-3510,-3510,-3499,-3500,-3500,-3490,-3490,-3490,-3491,-3482,-3482,-3472,-3472,-3472,-3462,-3462,-3462,-3463,-3463,-3463,-3463,-3464,-3464,-3464,-3464,-3465,-3465,-3465,-3455,-3445,-3445,-3445,-3446,-3446,-3435,-3436,-3436,-3436,-3436,-3437,-3437,-3437,-3437,-3437,-3438,-3438,-3438,-3438,-3439,-3428,-3428,-3429,-3429,-3429,-3429,-3430,-3430,-3430,-3430,-3431,-3431,-3431,-3421,-3421,-3421,-3422,-3422,-3422,-3422,-3423,-3415,-3416,-3416,-3416,-3416,-3417,-3417,-3417,-3417,-3408,-3408,-3408,-3408,-3399,-3389,-3379,-3369,-3369,-3369,-3369,-3370,-3370,-3361,-3351,-3341,-3342,-3342,-3332,-3322,-3313,-3313,-3313,-3314,-3314,-3304,-3304,-3294,-3295,-3284,-3274,-3274,-3274,-3275,-3265,-3265,-3265,-3265,-3266,-3266,-3266,-3266,-3267,-3267,-3256,-3256,-3257,-3246,-3247,-3247,-3237,-3237,-3237,-3228,-3228,-3228,-3228,-3228,-3219,-3208,-3198,-3199,-3199,-3190,-3190,-3190,-3191,-3191,-3191,-3191,-3192,-3192,-3192,-3192,-3193,-3193,-3193,-3193,-3184,-3185,-3185,-3175,-3176,-3176,-3176,-3176,-3177,-3167,-3157,-3148,-3148,-3138,-3138,-3138,-3138,-3139,-3139,-3139,-3129,-3129,-3130,-3120,-3120,-3120,-3120,-3121,-3110,-3111,-3101,-3101,-3101,-3092,-3092,-3093,-3093,-3093,-3093,-3094,-3094,-3094,-3094,-3084,-3084,-3085,-3085,-3075,-3075,-3076,-3076,-3066,-3066,-3056,-3046,-3046,-3046,-3047,-3037,-3027,-3017,-3008,-3008,-3008,-2998,-2999,-2989,-2979,-2979,-2970,-2970,-2971,-2971,-2971,-2961,-2961,-2961,-2962,-2962,-2952,-2952,-2952,-2953,-2943,-2943,-2934,-2935,-2935,-2935,-2926,-2927,-2927,-2917,-2907,-2908,-2899,-2899,-2890,-2880,-2880,-2880,-2870,-2870,-2871,-2871,-2861,-2852,-2852,-2842,-2832,-2823,-2814,-2803,-2804,-2793,-2783,-2784,-2784,-2784,-2784,-2785,-2785,-2775,-2775,-2765,-2765,-2765,-2755,-2755,-2756,-2746,-2746,-2746,-2746,-2747,-2747,-2747,-2737,-2727,-2727,-2718,-2718,-2708,-2708,-2708,-2709,-2709,-2699,-2699,-2699,-2700,-2690,-2690,-2680,-2670,-2670,-2670,-2671,-2671,-2661,-2661,-2651,-2641,-2631,-2621,-2622,-2622,-2622,-2612,-2602,-2602,-2592,-2593,-2593,-2593,-2583,-2583,-2583,-2573,-2563,-2556,-2553,-2543,-2533,-2522,-2512,-2502,-2492,-2492,-2492,-2482,-2483,-2473,-2473,-2463,-2453,-2443,-2433,-2423,-2423,-2413,-2413,-2403,-2393,-2393,-2394,-2394,-2394,-2394,-2384,-2375,-2375,-2365,-2365,-2365,-2355,-2356,-2346,-2346,-2336,-2327,-2327,-2317,-2317,-1997,-1998,-1993,-1989,-1989,-1989,-1984,-1979,-1980,-1980,-1980,-1980,-1976,-1971,-1972,-1967,-1962,-1962,-1957,-1958,-1953,-1954,-1949,-1949,-1944,-1939,-1934,-1934,-1934,-1935,-1930,-1930,-1930,-1930,-1931,-1926,-1921,-1916,-1911,-1907,-1902,-1902,-1902,-1902,-1899,-1899,-1900,-1900,-1896,-1891,-1886,-1882,-1882,-1883,-1883,-1883,-1879,-1875,-1871,-1871,-1871,-1866,-1867,-1867,-1863,-1858,-1858,-1853,-1853,-1848,-1849,-1849,-1849,-1849,-1845,-1840,-1835,-1835,-1835,-1831,-1826,-1821,-1816,-1817,-1812,-1807,-1807,-1802,-1803,-1798,-1793,-1794,-1794,-1794,-1789,-1789,-1790,-1785,-1780,-1776,-1776,-1771,-1772,-1772,-1767,-1768,-1768,-1763,-1763,-1759,-1754,-1755,-1750,-1745,-1741,-1736,-1732,-1728,-1723,-1718,-1714,-1714,-1709,-1705,-1701,-1697,-1692,-1693,-1689,-1689,-1684,-1679,-1674,-1669,-1670,-1670,-1666,-1661,-1656,-1651,-1646,-1642,-1637,-1632,-1627,-1623,-1623,-1623,-1619,-1615,-1610,-1605,-1600,-1596,-1596,-1597,-1592,-1592,-1588,-1588,-1583,-1583,-1584,-1579,-1580,-1580,-1576,-1571,-1566,-1561,-1557,-1557,-1557,-1553,-1550,-1545,-1541,-1541,-1536,-1536,-1531,-1527,-1527,-1522,-1517,-1518,-1513,-1513,-1509,-1509,-1504,-1499,-1495,-1490,-1490,-1486,-1481,-1481,-1476,-1471,-1472,-1467,-1467,-1462,-1457,-1453,-1448,-1444,-1444,-1439,-1439,-1440,-1440,-1440,-1436,-1436,-1431,-1428,-1424,-1420,-1415,-1411,-1406,-1401,-1401,-1397,-1392,-1387,-1388,-1383,-1378,-1378,-1374,-1374,-1371,-1366,-1361,-1356,-1352,-1347,-1342,-1337,-1337,-1332,-1328,-1328,-1323,-1319,-1319,-1319,-1320,-1320,-1315,-1316,-1311,-1311,-1311,-1307,-1302,-1302,-1298,-1294,-1289,-1284,-1280,-1275,-1271,-1267,-1267,-1262,-1262,-1263,-1263,-1263,-1258,-1254,-1249,-1244,-1240,-1235,-1230,-1226,-1222,-1217,-1213,-1214,-1214,-1209,-1204,-1200,-1195,-1190,-1190,-1186,-1181,-1176,-1171,-1166,-1162,-1162,-1162,-1158,-1153,-1149,-1145,-1140,-1136,-1131,-1127,-1122,-1117,-1118,-1118,-1113,-1114,-1114,-1109,-1105,-1105,-1106,-1101,-1097,-1093,-1088,-1083,-1079,-1074,-1069,-1065,-1060,-1056,-1051,-1051,-1046,-1042,-1042,-1038,-1033,-1028,-1023,-1018,-1014,-1009,-1004,-999,-995,-995,-990,-990,-985,-981,-981,-976,-971,-966,-962,-957,-952,-952,-947,-942,-937,-932,-927,-922,-923,-918,-913,-911,-911,-907,-903,-898,-893,-888,-888,-883,-878,-873,-868,-868,-863,-858,-853,-854,-849,-844,-839,-834,-829,-824,-819,-820,-815,-810,-805,-801,-796,-791,-477,-477,-477,-477,-477,-477,-477,-477,-477,-477,-477,-477,-477,-477,-477,-477,-477,-477,-477,-477,-477,-477,-477,-477,-476,-476,-476,-476,-476,-476,-476,-476,-476,-476,-476,-476,-476,-476,-476,-476,-476,-476,-476,-476,-476,-476,-476,-476,-477,-476,-476,-476,-476,-476,-476,-476,-476,-476,-476,-476,-476,-476,-476,-476,-476,-476,-476,-476,-476,-476,-476,-476,-476,-477,-477,-477,-456,-437,-417,-397,-377,-357,-337,-317,-297,-277,-257,-237,-217,-197,-178,-158,-138,-118,-98,-78,-59,-39,-19,0
-3554,-3555,-3555,-3555,-3555,-3556,-3556,-3556,-3556,-3557,-3557,-3557,-3557,-3558,-3558,-3558,-3558,-3559,-3559,-3559,-3559,-3560,-3560,-3560,-3560,-3561,-3561,-3561,-3561,-3562,-3562,-3562,-3562,-3563,-3563,-3563,-3563,-3564,-3564,-3564,-3564,-3565,-3565,-3565,-3565,-3566,-3566,-3566,-3566,-3567,-3567,-3567,-3567,-3568,-3568,-3568,-3568,-3569,-3569,-3558,-3558,-3558,-3559,-3548,-3548,-3548,-3548,-3538,-3538,-3539,-3539,-3539,-3539,-3540,-3540,-3540,-3540,-3541,-3541,-3541,-3541,-3542,-3542,-3542,-3542,-3543,-3543,-3543,-3543,-3544,-3544,-3544,-3544,-3545,-3545,-3545,-3535,-3535,-3535,-3535,-3536,-3536,-3525,-3515,-3515,-3515,-3515,-3516,-3516,-3516,-3516,-3517,-3517,-3517,-3517,-3518,-3518,-3518,-3518,-3519,-3519,-3519,-3509,-3509,-3510,-3501,-3501,-3501,-3502,-3491,-3492,-3481,-3482,-3482,-3471,-3472,-3472,-3472,-3472,-3473,-3473,-3473,-3473,-3474,-3474,-3474,-3474,-3475,-3465,-3454,-3454,-3455,-3455,-3455,-3444,-3445,-3445,-3445,-3445,-3446,-3446,-3446,-3446,-3447,-3447,-3447,-3447,-3448,-3448,-3438,-3438,-3438,-3438,-3439,-3439,-3439,-3439,-3440,-3440,-3440,-3440,-3441,-3433,-3434,-3434,-3434,-3434,-3435,-3435,-3435,-3425,-3426,-3426,-3426,-3426,-3427,-3427,-3427,-3427,-3418,-3419,-3419,-3419,-3409,-3398,-3388,-3379,-3380,-3380,-3380,-3380,-3381,-3371,-3361,-3351,-3351,-3351,-3341,-3333,-3323,-3323,-3323,-3324,-3324,-3314,-3314,-3304,-3304,-3294,-3284,-3284,-3284,-3284,-3274,-3274,-3274,-3275,-3275,-3275,-3275,-3276,-3276,-3276,-3266,-3266,-3266,-3256,-3256,-3256,-3247,-3247,-3247,-3237,-3238,-3238,-3238,-3238,-3228,-3218,-3209,-3209,-3210,-3201,-3201,-3201,-3201,-3202,-3202,-3202,-3202,-3203,-3203,-3203,-3203,-3204,-3204,-3204,-3195,-3195,-3195,-3185,-3186,-3186,-3186,-3186,-3187,-3177,-3167,-3157,-3157,-3147,-3148,-3148,-3148,-3148,-3149,-3149,-3139,-3139,-3139,-3129,-3129,-3130,-3130,-3130,-3120,-3121,-3111,-3112,-3112,-3102,-3102,-3102,-3102,-3103,-3103,-3103,-3103,-3104,-3104,-3094,-3094,-3095,-3095,-3085,-3085,-3085,-3086,-3076,-3076,-3066,-3056,-3056,-3056,-3056,-3047,-3037,-3028,-3018,-3018,-3018,-3008,-3009,-2999,-2990,-2990,-2980,-2980,-2980,-2980,-2981,-2971,-2971,-2971,-2971,-2972,-2962,-2962,-2962,-2962,-2954,-2954,-2945,-2946,-2946,-2946,-2937,-2937,-2937,-2927,-2919,-2919,-2909,-2909,-2899,-2889,-2890,-2890,-2880,-2880,-2880,-2881,-2872,-2862,-2862,-2852,-2843,-2833,-2823,-2813,-2813,-2803,-2793,-2793,-2793,-2794,-2794,-2794,-2794,-2784,-2785,-2774,-2775,-2775,-2765,-2765,-2765,-2755,-2756,-2756,-2756,-2756,-2757,-2757,-2747,-2737,-2737,-2727,-2728,-2718,-2718,-2718,-2718,-2719,-2709,-2709,-2709,-2709,-2699,-2700,-2690,-2680,-2680,-2680,-2680,-2681,-2671,-2671,-2661,-2651,-2641,-2631,-2631,-2632,-2632,-2622,-2612,-2612,-2602,-2602,-2602,-2603,-2593,-2593,-2593,-2583,-2576,-2573,-2563,-2552,-2542,-2532,-2522,-2512,-2502,-2502,-2502,-2492,-2492,-2482,-2482,-2472,-2462,-2452,-2442,-2432,-2433,-2423,-2423,-2413,-2403,-2403,-2403,-2404,-2404,-2404,-2394,-2384,-2385,-2375,-2375,-2375,-2365,-2366,-2356,-2356,-2346,-2336,-2337,-2327,-2327,-2012,-2012,-2009,-2004,-2004,-2004,-1999,-1995,-1995,-1995,-1995,-1996,-1991,-1986,-1986,-1982,-1977,-1977,-1973,-1973,-1968,-1968,-1963,-1963,-1959,-1954,-1949,-1949,-1949,-1949,-1944,-1945,-1945,-1945,-1945,-1941,-1936,-1931,-1926,-1921,-1918,-1918,-1919,-1919,-1915,-1915,-1916,-1916,-1911,-1906,-1902,-1898,-1898,-1898,-1899,-1899,-1895,-1891,-1886,-1886,-1886,-1882,-1882,-1882,-1877,-1873,-1873,-1868,-1868,-1863,-1864,-1864,-1864,-1864,-1860,-1855,-1850,-1850,-1850,-1846,-1841,-1836,-1831,-1832,-1827,-1822,-1822,-1817,-1818,-1813,-1808,-1808,-1809,-1809,-1804,-1804,-1805,-1800,-1795,-1791,-1791,-1787,-1787,-1787,-1782,-1783,-1783,-1778,-1779,-1774,-1769,-1770,-1765,-1760,-1756,-1752,-1747,-1743,-1738,-1733,-1729,-1729,-1725,-1721,-1716,-1712,-1708,-1708,-1703,-1704,-1699,-1694,-1689,-1685,-1685,-1685,-1681,-1676,-1671,-1666,-1662,-1657,-1652,-1647,-1643,-1638,-1638,-1639,-1634,-1630,-1625,-1620,-1616,-1611,-1611,-1612,-1607,-1608,-1603,-1603,-1599,-1599,-1599,-1595,-1595,-1595,-1591,-1586,-1581,-1576,-1572,-1572,-1573,-1569,-1565,-1560,-1556,-1556,-1551,-1551,-1546,-1542,-1542,-1537,-1532,-1533,-1528,-1528,-1524,-1524,-1519,-1514,-1510,-1505,-1505,-1501,-1496,-1496,-1491,-1486,-1486,-1482,-1482,-1477,-1472,-1468,-1463,-1459,-1459,-1455,-1455,-1455,-1455,-1456,-1451,-1451,-1448,-1443,-1439,-1435,-1430,-1426,-1421,-1416,-1416,-1412,-1407,-1402,-1403,-1398,-1393,-1394,-1390,-1391,-1386,-1381,-1376,-1371,-1366,-1362,-1357,-1352,-1352,-1347,-1342,-1343,-1339,-1334,-1334,-1335,-1335,-1335,-1330,-1331,-1326,-1326,-1327,-1322,-1318,-1318,-1313,-1309,-1304,-1300,-1295,-1291,-1286,-1282,-1282,-1277,-1277,-1278,-1278,-1278,-1273,-1269,-1264,-1259,-1255,-1250,-1246,-1242,-1237,-1233,-1228,-1229,-1229,-1224,-1219,-1215,-1210,-1205,-1205,-1201,-1196,-1191,-1186,-1181,-1177,-1177,-1178,-1173,-1169,-1165,-1160,-1155,-1151,-1146,-1142,-1137,-1133,-1133,-1133,-1128,-1129,-1129,-1125,-1121,-1121,-1121,-1117,-1112,-1108,-1103,-1098,-1094,-1089,-1085,-1080,-1075,-1071,-1066,-1066,-1061,-1057,-1057,-1053,-1048,-1043,-1038,-1033,-1029,-1024,-1019,-1014,-1010,-1010,-1005,-1005,-1000,-996,-996,-991,-986,-981,-976,-972,-967,-967,-962,-957,-952,-947,-942,-937,-937,-932,-931,-930,-926,-922,-917,-912,-907,-902,-903,-898,-893,-888,-883,-883,-878,-873,-868,-868,-864,-859,-854,-849,-844,-839,-834,-835,-830,-825,-820,-815,-811,-806,-496,-496,-496,-496,-496,-496,-496,-496,-496,-496,-496,-496,-496,-496,-496,-496,-496,-496,-496,-496,-496,-496,-496,-496,-496,-496,-496,-496,-496,-496,-496,-496,-496,-496,-496,-496,-496,-496,-496,-496,-496,-496,-496,-496,-496,-496,-496,-496,-496,-496,-496,-496,-496,-496,-496,-496,-496,-496,-496,-496,-496,-496,-496,-496,-496,-496,-496,-496,-496,-496,-496,-496,-496,-496,-496,-476,-456,-436,-416,-396,-376,-356,-337,-317,-297,-277,-257,-237,-217,-197,-177,-158,-138,-118,-98,-78,-59,-39,-19,0
-3562,-3563,-3563,-3563,-3563,-3564,-3564,-3564,-3565,-3565,-3565,-3565,-3566,-3566,-3566,-3566,-3567,-3567,-3567,-3567,-3568,-3568,-3568,-3568,-3569,-3569,-3569,-3569,-3570,-3570,-3570,-3571,-3571,-3571,-3571,-3572,-3572,-3572,-3572,-3573,-3573,-3573,-3573,-3574,-3574,-3574,-3574,-3575,-3575,-3575,-3575,-3576,-3576,-3576,-3576,-3577,-3577,-3577,-3578,-3566,-3567,-3567,-3567,-3557,-3557,-3558,-3558,-3547,-3547,-3548,-3548,-3548,-3548,-3549,-3549,-3549,-3549,-3550,-3550,-3550,-3550,-3551,-3551,-3551,-3552,-3552,-3552,-3552,-3553,-3553,-3553,-3553,-3554,-3554,-3554,-3554,-3544,-3544,-3544,-3545,-3545,-3545,-3534,-3524,-3524,-3525,-3525,-3525,-3525,-3526,-3526,-3526,-3527,-3527,-3527,-3527,-3528,-3528,-3528,-3528,-3529,-3529,-3520,-3520,-3521,-3510,-3511,-3511,-3511,-3501,-3501,-3491,-3491,-3491,-3481,-3481,-3482,-3482,-3482,-3482,-3483,-3483,-3483,-3483,-3484,-3484,-3484,-3484,-3474,-3463,-3463,-3464,-3464,-3464,-3454,-3454,-3454,-3455,-3455,-3455,-3455,-3456,-3456,-3456,-3456,-3457,-3457,-3457,-3457,-3450,-3450,-3450,-3451,-3451,-3451,-3452,-3452,-3452,-3452,-3453,-3453,-3453,-3443,-3443,-3444,-3444,-3444,-3445,-3445,-3445,-3436,-3436,-3437,-3437,-3437,-3437,-3438,-3438,-3438,-3428,-3428,-3428,-3429,-3418,-3408,-3399,-3389,-3389,-3390,-3390,-3390,-3390,-3381,-3371,-3361,-3361,-3361,-3352,-3343,-3333,-3333,-3333,-3333,-3334,-3323,-3324,-3313,-3313,-3303,-3293,-3293,-3293,-3293,-3283,-3283,-3284,-3284,-3284,-3284,-3285,-3285,-3285,-3285,-3275,-3275,-3276,-3266,-3266,-3267,-3257,-3257,-3257,-3247,-3247,-3247,-3248,-3248,-3238,-3229,-3220,-3220,-3220,-3211,-3211,-3211,-3212,-3212,-3212,-3212,-3213,-3213,-3213,-3213,-3214,-3214,-3214,-3214,-3204,-3205,-3205,-3196,-3196,-3196,-3196,-3197,-3197,-3187,-3177,-3167,-3167,-3157,-3157,-3158,-3158,-3158,-3158,-3159,-3148,-3149,-3149,-3139,-3139,-3140,-3140,-3140,-3131,-3131,-3121,-3121,-3121,-3112,-3112,-3112,-3112,-3113,-3113,-3113,-3113,-3114,-3114,-3104,-3104,-3104,-3105,-3094,-3095,-3095,-3095,-3085,-3085,-3075,-3066,-3066,-3066,-3066,-3056,-3047,-3037,-3028,-3028,-3028,-3018,-3019,-3009,-2999,-2999,-2989,-2990,-2990,-2990,-2990,-2980,-2981,-2981,-2981,-2981,-2973,-2973,-2973,-2974,-2965,-2965,-2956,-2956,-2956,-2956,-2946,-2947,-2947,-2938,-2929,-2929,-2919,-2919,-2909,-2899,-2899,-2900,-2891,-2891,-2891,-2891,-2881,-2872,-2872,-2863,-2853,-2843,-2833,-2823,-2823,-2813,-2803,-2803,-2803,-2803,-2804,-2804,-2804,-2794,-2794,-2784,-2784,-2785,-2774,-2775,-2775,-2765,-2765,-2765,-2766,-2766,-2766,-2766,-2757,-2747,-2747,-2737,-2737,-2727,-2728,-2728,-2728,-2728,-2718,-2719,-2719,-2719,-2709,-2709,-2699,-2689,-2690,-2690,-2690,-2690,-2680,-2681,-2671,-2661,-2651,-2641,-2641,-2641,-2642,-2632,-2621,-2622,-2612,-2612,-2612,-2612,-2602,-2602,-2603,-2596,-2592,-2582,-2572,-2562,-2552,-2542,-2531,-2521,-2511,-2512,-2512,-2502,-2502,-2492,-2492,-2482,-2472,-2462,-2452,-2442,-2442,-2432,-2433,-2423,-2413,-2413,-2413,-2413,-2414,-2414,-2404,-2394,-2394,-2385,-2385,-2385,-2375,-2376,-2366,-2366,-2356,-2346,-2347,-2337,-2337,-2028,-2028,-2023,-2018,-2019,-2019,-2014,-2010,-2010,-2010,-2011,-2011,-2006,-2001,-2001,-1997,-1992,-1993,-1988,-1988,-1983,-1983,-1978,-1979,-1973,-1968,-1963,-1964,-1964,-1964,-1959,-1960,-1960,-1960,-1960,-1955,-1951,-1946,-1941,-1938,-1934,-1934,-1935,-1935,-1930,-1930,-1930,-1931,-1926,-1922,-1918,-1914,-1914,-1914,-1914,-1915,-1910,-1905,-1901,-1901,-1901,-1897,-1897,-1897,-1892,-1887,-1888,-1883,-1883,-1878,-1879,-1879,-1879,-1879,-1874,-1870,-1865,-1865,-1865,-1861,-1856,-1851,-1846,-1846,-1842,-1837,-1837,-1833,-1833,-1828,-1823,-1823,-1824,-1824,-1819,-1819,-1820,-1815,-1811,-1806,-1806,-1802,-1802,-1802,-1798,-1798,-1798,-1794,-1794,-1789,-1785,-1785,-1780,-1776,-1772,-1767,-1763,-1758,-1753,-1748,-1745,-1745,-1740,-1736,-1732,-1728,-1723,-1723,-1718,-1719,-1714,-1709,-1705,-1700,-1700,-1700,-1695,-1691,-1686,-1681,-1676,-1672,-1667,-1662,-1658,-1654,-1654,-1654,-1649,-1645,-1640,-1636,-1631,-1626,-1627,-1627,-1622,-1622,-1618,-1618,-1614,-1614,-1614,-1610,-1610,-1610,-1605,-1601,-1596,-1592,-1589,-1589,-1589,-1585,-1580,-1575,-1570,-1571,-1566,-1566,-1561,-1557,-1557,-1552,-1548,-1548,-1543,-1543,-1538,-1539,-1534,-1529,-1525,-1520,-1520,-1516,-1511,-1511,-1506,-1501,-1501,-1497,-1497,-1492,-1487,-1483,-1478,-1474,-1474,-1470,-1470,-1470,-1470,-1471,-1467,-1468,-1463,-1459,-1454,-1450,-1445,-1441,-1436,-1431,-1432,-1427,-1422,-1417,-1418,-1413,-1410,-1410,-1405,-1406,-1401,-1396,-1391,-1386,-1381,-1376,-1372,-1367,-1367,-1362,-1358,-1358,-1354,-1349,-1349,-1350,-1350,-1350,-1346,-1346,-1341,-1341,-1342,-1338,-1333,-1333,-1329,-1324,-1319,-1315,-1311,-1306,-1301,-1297,-1297,-1292,-1292,-1293,-1293,-1293,-1289,-1284,-1279,-1274,-1270,-1266,-1262,-1257,-1253,-1248,-1243,-1244,-1244,-1239,-1234,-1230,-1225,-1220,-1220,-1216,-1211,-1206,-1201,-1197,-1192,-1192,-1193,-1189,-1184,-1180,-1175,-1171,-1166,-1161,-1157,-1152,-1148,-1148,-1148,-1144,-1144,-1145,-1140,-1136,-1136,-1136,-1132,-1127,-1123,-1118,-1114,-1109,-1105,-1100,-1095,-1090,-1086,-1081,-1081,-1077,-1072,-1072,-1067,-1063,-1058,-1053,-1048,-1044,-1039,-1034,-1029,-1024,-1025,-1020,-1020,-1015,-1010,-1011,-1006,-1001,-996,-991,-986,-981,-982,-977,-972,-967,-962,-957,-952,-952,-950,-950,-946,-942,-937,-932,-927,-922,-917,-917,-912,-907,-902,-898,-898,-893,-888,-883,-883,-878,-874,-869,-864,-859,-854,-849,-850,-845,-840,-835,-830,-826,-821,-516,-516,-516,-516,-516,-516,-516,-516,-516,-516,-516,-516,-516,-516,-516,-516,-516,-516,-516,-516,-516,-516,-516,-516,-516,-516,-516,-516,-516,-516,-516,-516,-516,-516,-516,-516,-516,-516,-516,-516,-516,-516,-516,-516,-516,-516,-516,-516,-516,-516,-516,-516,-516,-516,-516,-516,-516,-516,-516,-516,-516,-516,-516,-516,-516,-516,-516,-516,-516,-516,-516,-516,-516,-516,-496,-476,-456,-436,-416,-396,-376,-356,-336,-316,-297,-277,-257,-237,-217,-197,-177,-158,-138,-118,-98,-78,-59,-39,-19,0
-3571,-3571,-3571,-3571,-3572,-3572,-3572,-3572,-3573,-3573,-3573,-3574,-3574,-3574,-3574,-3575,-3575,-3575,-3575,-3576,-3576,-3576,-3576,-3577,-3577,-3577,-3578,-3578,-3578,-3578,-3579,-3579,-3579,-3579,-3580,-3580,-3580,-3581,-3581,-3581,-3581,-3582,-3582,-3582,-3582,-3583,-3583,-3583,-3584,-3584,-3584,-3584,-3585,-3585,-3585,-3585,-3586,-3586,-3586,-3576,-3576,-3577,-3577,-3566,-3566,-3567,-3567,-3556,-3556,-3557,-3557,-3557,-3557,-3558,-3558,-3558,-3558,-3559,-3559,-3559,-3559,-3560,-3560,-3560,-3561,-3561,-3561,-3561,-3562,-3562,-3562,-3562,-3563,-3563,-3563,-3564,-3553,-3553,-3553,-3554,-3554,-3554,-3544,-3535,-3535,-3535,-3536,-3536,-3536,-3537,-3537,-3537,-3537,-3538,-3538,-3538,-3538,-3539,-3539,-3539,-3540,-3540,-3529,-3530,-3530,-3520,-3520,-3520,-3520,-3510,-3510,-3500,-3501,-3501,-3490,-3490,-3491,-3491,-3491,-3491,-3492,-3492,-3492,-3492,-3493,-3493,-3493,-3494,-3483,-3472,-3473,-3473,-3473,-3474,-3466,-3466,-3466,-3467,-3467,-3467,-3468,-3468,-3468,-3468,-3469,-3469,-3469,-3469,-3470,-3460,-3460,-3460,-3461,-3461,-3461,-3461,-3462,-3462,-3462,-3462,-3463,-3463,-3454,-3454,-3454,-3455,-3455,-3455,-3455,-3456,-3445,-3446,-3446,-3446,-3446,-3447,-3447,-3447,-3447,-3437,-3437,-3438,-3438,-3428,-3419,-3409,-3399,-3400,-3400,-3400,-3400,-3401,-3390,-3380,-3372,-3372,-3372,-3362,-3352,-3342,-3342,-3343,-3343,-3343,-3333,-3333,-3323,-3323,-3312,-3302,-3302,-3302,-3303,-3292,-3293,-3293,-3293,-3293,-3294,-3294,-3294,-3294,-3295,-3285,-3285,-3286,-3276,-3276,-3276,-3266,-3266,-3267,-3257,-3257,-3257,-3257,-3258,-3249,-3240,-3230,-3230,-3231,-3220,-3221,-3221,-3221,-3222,-3222,-3222,-3222,-3223,-3223,-3223,-3223,-3224,-3224,-3224,-3215,-3215,-3215,-3206,-3206,-3206,-3206,-3207,-3207,-3197,-3187,-3177,-3177,-3167,-3167,-3167,-3167,-3168,-3168,-3168,-3158,-3159,-3159,-3150,-3150,-3150,-3150,-3151,-3140,-3141,-3131,-3131,-3131,-3121,-3121,-3122,-3122,-3122,-3122,-3123,-3123,-3123,-3124,-3113,-3114,-3114,-3114,-3104,-3104,-3105,-3105,-3095,-3095,-3085,-3075,-3075,-3076,-3076,-3067,-3057,-3047,-3038,-3038,-3038,-3029,-3029,-3019,-3009,-3009,-2999,-2999,-2999,-3000,-3000,-2992,-2992,-2992,-2992,-2993,-2984,-2984,-2984,-2985,-2975,-2975,-2965,-2966,-2966,-2966,-2958,-2958,-2958,-2948,-2938,-2939,-2929,-2929,-2919,-2910,-2910,-2910,-2900,-2900,-2901,-2901,-2891,-2882,-2882,-2873,-2863,-2852,-2842,-2832,-2832,-2822,-2812,-2812,-2813,-2813,-2813,-2813,-2814,-2804,-2804,-2794,-2794,-2794,-2784,-2784,-2785,-2775,-2775,-2775,-2776,-2776,-2776,-2777,-2767,-2757,-2757,-2747,-2747,-2737,-2737,-2738,-2738,-2738,-2728,-2728,-2729,-2729,-2719,-2719,-2709,-2699,-2699,-2700,-2700,-2700,-2690,-2690,-2681,-2671,-2661,-2650,-2651,-2651,-2651,-2641,-2631,-2631,-2621,-2621,-2622,-2622,-2615,-2615,-2615,-2612,-2602,-2592,-2582,-2571,-2561,-2551,-2541,-2531,-2521,-2521,-2521,-2511,-2512,-2502,-2502,-2492,-2482,-2472,-2462,-2452,-2452,-2442,-2442,-2432,-2422,-2423,-2423,-2423,-2424,-2424,-2414,-2404,-2404,-2395,-2395,-2395,-2385,-2385,-2376,-2376,-2366,-2356,-2357,-2347,-2347,-2043,-2043,-2038,-2034,-2034,-2034,-2030,-2025,-2025,-2025,-2025,-2026,-2021,-2016,-2016,-2012,-2007,-2007,-2002,-2002,-1998,-1998,-1993,-1993,-1988,-1983,-1978,-1979,-1979,-1979,-1974,-1974,-1975,-1975,-1975,-1970,-1966,-1961,-1958,-1954,-1949,-1949,-1949,-1950,-1945,-1945,-1945,-1946,-1941,-1937,-1933,-1929,-1929,-1929,-1930,-1930,-1925,-1921,-1916,-1916,-1916,-1911,-1912,-1912,-1907,-1902,-1903,-1898,-1898,-1893,-1893,-1894,-1894,-1894,-1889,-1884,-1880,-1880,-1880,-1876,-1871,-1866,-1861,-1861,-1857,-1852,-1852,-1847,-1848,-1843,-1838,-1838,-1838,-1839,-1834,-1835,-1835,-1830,-1826,-1821,-1821,-1817,-1817,-1817,-1813,-1813,-1813,-1809,-1809,-1804,-1800,-1800,-1795,-1792,-1787,-1782,-1778,-1773,-1768,-1764,-1760,-1760,-1756,-1752,-1747,-1743,-1738,-1738,-1733,-1734,-1729,-1724,-1720,-1715,-1715,-1715,-1710,-1706,-1701,-1696,-1692,-1687,-1682,-1678,-1673,-1669,-1669,-1669,-1664,-1660,-1655,-1651,-1646,-1641,-1642,-1642,-1638,-1638,-1633,-1634,-1629,-1629,-1629,-1625,-1625,-1625,-1620,-1616,-1612,-1608,-1604,-1604,-1605,-1600,-1595,-1590,-1585,-1586,-1581,-1581,-1576,-1572,-1572,-1567,-1562,-1563,-1558,-1558,-1554,-1554,-1549,-1544,-1540,-1535,-1535,-1530,-1525,-1526,-1521,-1516,-1516,-1512,-1512,-1507,-1503,-1498,-1494,-1489,-1489,-1486,-1486,-1486,-1487,-1487,-1483,-1483,-1479,-1474,-1470,-1465,-1460,-1456,-1451,-1446,-1447,-1442,-1437,-1433,-1433,-1430,-1425,-1425,-1420,-1420,-1416,-1411,-1406,-1401,-1396,-1391,-1386,-1382,-1382,-1378,-1373,-1374,-1369,-1364,-1365,-1365,-1365,-1365,-1361,-1361,-1357,-1357,-1357,-1353,-1348,-1348,-1344,-1339,-1334,-1331,-1326,-1321,-1316,-1312,-1312,-1307,-1307,-1308,-1308,-1308,-1304,-1299,-1294,-1289,-1285,-1281,-1277,-1273,-1268,-1263,-1258,-1259,-1259,-1254,-1249,-1245,-1240,-1235,-1235,-1230,-1226,-1221,-1216,-1212,-1208,-1208,-1209,-1204,-1199,-1195,-1190,-1186,-1181,-1177,-1172,-1167,-1163,-1163,-1164,-1160,-1160,-1160,-1155,-1151,-1152,-1152,-1147,-1143,-1138,-1133,-1129,-1124,-1120,-1115,-1110,-1105,-1101,-1096,-1096,-1092,-1087,-1087,-1082,-1078,-1073,-1068,-1063,-1058,-1054,-1049,-1044,-1039,-1040,-1035,-1035,-1030,-1025,-1026,-1021,-1016,-1011,-1006,-1001,-996,-996,-992,-987,-982,-977,-972,-970,-970,-970,-966,-962,-957,-952,-947,-942,-937,-932,-932,-927,-922,-917,-912,-913,-908,-903,-898,-898,-893,-888,-884,-879,-874,-869,-864,-865,-860,-855,-850,-845,-841,-836,-536,-536,-536,-536,-536,-536,-536,-536,-536,-536,-536,-536,-536,-536,-536,-536,-536,-536,-536,-536,-536,-536,-536,-536,-536,-536,-536,-536,-536,-536,-536,-536,-536,-536,-536,-536,-536,-536,-536,-536,-536,-536,-536,-535,-535,-535,-535,-535,-536,-536,-536,-536,-536,-536,-536,-536,-536,-536,-536,-536,-536,-536,-536,-536,-536,-536,-536,-536,-535,-535,-535,-535,-515,-516,-496,-476,-456,-436,-416,-396,-376,-356,-336,-316,-296,-277,-257,-237,-217,-197,-177,-157,-138,-118,-98,-78,-58,-39,-19,0
-3580,-3580,-3580,-3580,-3581,-3581,-3581,-3582,-3582,-3582,-3582,-3583,-3583,-3583,-3583,-3584,-3584,-3584,-3585,-3585,-3585,-3585,-3586,-3586,-3586,-3587,-3587,-3587,-3587,-3588,-3588,-3588,-3589,-3589,-3589,-3589,-3590,-3590,-3590,-3590,-3591,-3591,-3591,-3592,-3592,-3592,-3592,-3593,-3593,-3593,-3594,-3594,-3594,-3594,-3595,-3595,-3595,-3596,-3596,-3585,-3585,-3585,-3586,-3575,-3575,-3575,-3576,-3565,-3565,-3565,-3565,-3566,-3566,-3566,-3567,-3567,-3567,-3567,-3568,-3568,-3568,-3569,-3569,-3569,-3569,-3570,-3570,-3570,-3570,-3571,-3571,-3571,-3572,-3572,-3572,-3572,-3562,-3562,-3563,-3563,-3563,-3564,-3555,-3544,-3544,-3545,-3545,-3545,-3546,-3546,-3546,-3546,-3547,-3547,-3547,-3548,-3548,-3548,-3548,-3549,-3549,-3549,-3539,-3539,-3539,-3529,-3529,-3530,-3530,-3520,-3520,-3509,-3509,-3510,-3499,-3499,-3500,-3500,-3500,-3500,-3501,-3501,-3501,-3501,-3502,-3502,-3502,-3503,-3492,-3485,-3485,-3485,-3485,-3486,-3475,-3476,-3476,-3476,-3477,-3477,-3477,-3477,-3478,-3478,-3478,-3479,-3479,-3479,-3479,-3470,-3470,-3471,-3471,-3471,-3472,-3472,-3472,-3472,-3473,-3473,-3473,-3474,-3463,-3463,-3464,-3464,-3464,-3464,-3465,-3465,-3455,-3455,-3455,-3455,-3456,-3456,-3456,-3457,-3457,-3447,-3447,-3447,-3448,-3439,-3429,-3419,-3409,-3409,-3409,-3410,-3410,-3410,-3400,-3391,-3381,-3382,-3382,-3372,-3362,-3351,-3351,-3352,-3352,-3352,-3342,-3343,-3332,-3332,-3322,-3311,-3311,-3312,-3312,-3302,-3303,-3303,-3303,-3304,-3304,-3304,-3304,-3305,-3305,-3295,-3295,-3295,-3285,-3285,-3286,-3276,-3276,-3276,-3267,-3267,-3268,-3268,-3268,-3259,-3250,-3240,-3240,-3240,-3231,-3231,-3231,-3231,-3232,-3232,-3232,-3233,-3233,-3233,-3233,-3234,-3234,-3234,-3234,-3225,-3225,-3225,-3215,-3215,-3216,-3216,-3216,-3216,-3206,-3196,-3186,-3186,-3176,-3177,-3177,-3177,-3177,-3178,-3178,-3169,-3169,-3169,-3159,-3159,-3160,-3160,-3160,-3150,-3150,-3140,-3141,-3141,-3131,-3131,-3131,-3131,-3132,-3132,-3132,-3133,-3133,-3133,-3123,-3123,-3124,-3124,-3114,-3114,-3114,-3115,-3105,-3105,-3095,-3086,-3086,-3087,-3087,-3077,-3067,-3057,-3048,-3048,-3049,-3038,-3039,-3029,-3018,-3019,-3010,-3010,-3011,-3011,-3011,-3002,-3003,-3003,-3003,-3004,-2994,-2994,-2994,-2995,-2985,-2985,-2976,-2977,-2977,-2977,-2968,-2968,-2968,-2958,-2948,-2948,-2938,-2939,-2929,-2919,-2920,-2920,-2910,-2910,-2911,-2911,-2902,-2892,-2892,-2882,-2872,-2862,-2852,-2842,-2842,-2832,-2822,-2822,-2822,-2822,-2823,-2823,-2823,-2813,-2813,-2803,-2804,-2804,-2794,-2794,-2795,-2785,-2785,-2785,-2785,-2786,-2786,-2786,-2776,-2766,-2767,-2756,-2757,-2747,-2747,-2747,-2747,-2748,-2738,-2738,-2738,-2738,-2728,-2729,-2719,-2709,-2709,-2709,-2710,-2710,-2700,-2700,-2690,-2680,-2670,-2660,-2660,-2661,-2661,-2651,-2641,-2641,-2634,-2634,-2634,-2634,-2631,-2632,-2632,-2622,-2612,-2601,-2591,-2581,-2571,-2561,-2551,-2541,-2531,-2531,-2531,-2521,-2521,-2511,-2512,-2502,-2492,-2482,-2472,-2462,-2462,-2452,-2452,-2442,-2432,-2433,-2433,-2433,-2433,-2434,-2424,-2414,-2414,-2404,-2405,-2405,-2395,-2395,-2386,-2386,-2376,-2366,-2367,-2357,-2357,-2058,-2058,-2053,-2049,-2049,-2049,-2044,-2039,-2040,-2040,-2040,-2041,-2036,-2032,-2032,-2027,-2022,-2022,-2017,-2017,-2012,-2013,-2008,-2008,-2003,-1998,-1993,-1993,-1994,-1994,-1989,-1989,-1990,-1990,-1990,-1986,-1981,-1977,-1973,-1969,-1964,-1964,-1964,-1965,-1960,-1961,-1961,-1961,-1957,-1953,-1949,-1944,-1944,-1944,-1945,-1945,-1940,-1936,-1931,-1931,-1931,-1926,-1927,-1927,-1922,-1917,-1917,-1913,-1913,-1908,-1908,-1909,-1909,-1909,-1904,-1900,-1895,-1895,-1895,-1890,-1886,-1881,-1876,-1876,-1872,-1867,-1867,-1862,-1863,-1858,-1853,-1854,-1854,-1854,-1850,-1850,-1850,-1845,-1841,-1836,-1836,-1832,-1832,-1832,-1828,-1828,-1828,-1824,-1824,-1819,-1815,-1815,-1811,-1807,-1802,-1797,-1793,-1788,-1784,-1780,-1775,-1775,-1771,-1767,-1762,-1758,-1753,-1753,-1748,-1748,-1744,-1739,-1734,-1729,-1730,-1730,-1725,-1721,-1716,-1711,-1706,-1702,-1697,-1693,-1688,-1684,-1684,-1684,-1679,-1675,-1670,-1666,-1661,-1657,-1657,-1657,-1653,-1653,-1648,-1649,-1644,-1644,-1644,-1640,-1640,-1640,-1636,-1631,-1628,-1624,-1619,-1619,-1619,-1615,-1610,-1605,-1600,-1601,-1596,-1596,-1591,-1587,-1587,-1582,-1577,-1578,-1573,-1573,-1569,-1569,-1564,-1560,-1555,-1550,-1550,-1545,-1540,-1541,-1536,-1531,-1531,-1527,-1527,-1523,-1518,-1513,-1509,-1505,-1506,-1501,-1501,-1502,-1502,-1502,-1498,-1498,-1494,-1490,-1485,-1480,-1475,-1471,-1466,-1461,-1461,-1457,-1452,-1449,-1449,-1444,-1440,-1440,-1435,-1435,-1430,-1426,-1421,-1416,-1411,-1406,-1401,-1397,-1398,-1393,-1388,-1389,-1384,-1379,-1380,-1380,-1380,-1380,-1376,-1377,-1372,-1372,-1372,-1368,-1363,-1363,-1359,-1354,-1350,-1346,-1341,-1336,-1331,-1327,-1327,-1322,-1322,-1323,-1323,-1323,-1319,-1314,-1309,-1305,-1301,-1296,-1292,-1288,-1283,-1278,-1273,-1273,-1274,-1269,-1264,-1259,-1255,-1250,-1250,-1245,-1241,-1236,-1232,-1228,-1223,-1223,-1224,-1219,-1215,-1210,-1205,-1201,-1196,-1192,-1187,-1183,-1179,-1179,-1179,-1175,-1175,-1175,-1171,-1166,-1167,-1167,-1162,-1158,-1153,-1148,-1144,-1139,-1135,-1130,-1125,-1120,-1116,-1111,-1111,-1107,-1102,-1102,-1097,-1093,-1088,-1083,-1078,-1074,-1069,-1064,-1059,-1054,-1055,-1050,-1050,-1045,-1040,-1041,-1036,-1031,-1026,-1021,-1016,-1011,-1011,-1006,-1001,-996,-991,-989,-989,-990,-986,-982,-977,-972,-966,-962,-957,-952,-947,-947,-942,-937,-932,-927,-927,-922,-918,-913,-913,-908,-903,-898,-894,-889,-884,-879,-879,-875,-870,-865,-860,-856,-851,-555,-555,-555,-555,-555,-555,-555,-555,-555,-555,-555,-555,-555,-555,-555,-555,-555,-555,-555,-555,-555,-555,-555,-555,-555,-555,-555,-555,-555,-555,-555,-555,-555,-555,-555,-555,-555,-555,-555,-555,-555,-555,-555,-555,-555,-555,-555,-555,-555,-555,-555,-555,-555,-555,-555,-555,-555,-555,-555,-555,-555,-555,-555,-555,-555,-555,-555,-555,-555,-555,-555,-535,-515,-515,-495,-476,-456,-436,-416,-396,-376,-356,-336,-316,-296,-276,-256,-237,-217,-197,-177,-157,-138,-118,-98,-78,-58,-39,-19,0
-3588,-3588,-3588,-3589,-3589,-3589,-3590,-3590,-3590,-3590,-3591,-3591,-3591,-3592,-3592,-3592,-3592,-3593,-3593,-3593,-3594,-3594,-3594,-3594,-3595,-3595,-3595,-3596,-3596,-3596,-3596,-3597,-3597,-3597,-3598,-3598,-3598,-3599,-3599,-3599,-3599,-3600,-3600,-3600,-3601,-3601,-3601,-3601,-3602,-3602,-3602,-3603,-3603,-3603,-3603,-3604,-3604,-3604,-3605,-3594,-3594,-3594,-3595,-3583,-3584,-3584,-3584,-3574,-3574,-3574,-3575,-3575,-3575,-3576,-3576,-3576,-3576,-3577,-3577,-3577,-3578,-3578,-3578,-3578,-3579,-3579,-3579,-3580,-3580,-3580,-3580,-3581,-3581,-3581,-3582,-3582,-3573,-3573,-3574,-3574,-3574,-3574,-3564,-3553,-3554,-3554,-3554,-3554,-3555,-3555,-3555,-3556,-3556,-3556,-3556,-3557,-3557,-3557,-3558,-3558,-3558,-3559,-3548,-3548,-3549,-3539,-3539,-3539,-3539,-3529,-3529,-3518,-3518,-3519,-3508,-3508,-3509,-3509,-3509,-3510,-3510,-3510,-3510,-3511,-3511,-3511,-3512,-3512,-3504,-3494,-3494,-3495,-3495,-3495,-3486,-3486,-3486,-3487,-3487,-3487,-3488,-3488,-3488,-3488,-3489,-3489,-3489,-3490,-3490,-3479,-3480,-3480,-3480,-3480,-3481,-3481,-3481,-3482,-3482,-3482,-3482,-3483,-3472,-3473,-3473,-3473,-3473,-3474,-3474,-3474,-3464,-3464,-3465,-3465,-3465,-3466,-3466,-3466,-3466,-3457,-3458,-3458,-3458,-3448,-3439,-3428,-3418,-3419,-3419,-3419,-3419,-3420,-3411,-3401,-3391,-3392,-3392,-3381,-3371,-3361,-3361,-3361,-3362,-3362,-3351,-3352,-3341,-3341,-3331,-3321,-3322,-3322,-3322,-3312,-3312,-3313,-3313,-3313,-3313,-3314,-3314,-3314,-3315,-3304,-3305,-3305,-3295,-3295,-3295,-3286,-3287,-3287,-3278,-3278,-3278,-3279,-3279,-3269,-3259,-3250,-3250,-3250,-3240,-3241,-3241,-3241,-3242,-3242,-3242,-3242,-3243,-3243,-3243,-3244,-3244,-3244,-3244,-3234,-3234,-3235,-3225,-3225,-3225,-3225,-3226,-3226,-3216,-3206,-3196,-3196,-3187,-3187,-3187,-3188,-3188,-3188,-3188,-3178,-3178,-3179,-3169,-3169,-3169,-3170,-3170,-3160,-3160,-3150,-3150,-3150,-3140,-3140,-3141,-3141,-3141,-3142,-3142,-3142,-3142,-3143,-3133,-3133,-3133,-3133,-3124,-3124,-3124,-3124,-3114,-3115,-3106,-3096,-3096,-3096,-3097,-3087,-3077,-3068,-3057,-3058,-3058,-3048,-3048,-3038,-3030,-3030,-3021,-3021,-3022,-3022,-3022,-3012,-3013,-3013,-3013,-3014,-3004,-3004,-3004,-3004,-2996,-2996,-2986,-2987,-2987,-2987,-2977,-2978,-2978,-2968,-2958,-2958,-2949,-2949,-2939,-2929,-2930,-2930,-2921,-2921,-2921,-2921,-2912,-2902,-2902,-2892,-2882,-2872,-2861,-2851,-2851,-2841,-2831,-2831,-2832,-2832,-2832,-2833,-2833,-2823,-2823,-2813,-2813,-2814,-2804,-2804,-2804,-2794,-2795,-2795,-2795,-2796,-2796,-2796,-2786,-2776,-2776,-2766,-2766,-2756,-2756,-2757,-2757,-2757,-2747,-2748,-2748,-2748,-2738,-2739,-2728,-2719,-2719,-2719,-2720,-2720,-2710,-2710,-2700,-2690,-2680,-2670,-2670,-2670,-2670,-2660,-2653,-2653,-2650,-2650,-2651,-2651,-2641,-2641,-2641,-2631,-2621,-2611,-2601,-2591,-2581,-2570,-2560,-2550,-2540,-2540,-2541,-2531,-2531,-2521,-2521,-2511,-2501,-2491,-2481,-2471,-2472,-2462,-2462,-2452,-2442,-2442,-2443,-2443,-2443,-2444,-2434,-2424,-2424,-2414,-2415,-2415,-2405,-2405,-2396,-2396,-2386,-2376,-2377,-2367,-2367,-2073,-2073,-2068,-2063,-2064,-2064,-2059,-2054,-2055,-2055,-2055,-2055,-2051,-2046,-2046,-2041,-2037,-2037,-2032,-2032,-2027,-2027,-2022,-2023,-2018,-2013,-2008,-2008,-2008,-2009,-2004,-2004,-2005,-2005,-2005,-2000,-1997,-1993,-1988,-1983,-1979,-1979,-1980,-1980,-1976,-1976,-1977,-1977,-1973,-1968,-1963,-1959,-1959,-1960,-1960,-1960,-1955,-1950,-1945,-1946,-1946,-1941,-1941,-1942,-1937,-1932,-1932,-1927,-1928,-1923,-1923,-1923,-1924,-1924,-1919,-1914,-1910,-1910,-1910,-1905,-1900,-1896,-1891,-1891,-1887,-1882,-1882,-1877,-1877,-1873,-1868,-1869,-1869,-1869,-1865,-1865,-1865,-1861,-1856,-1851,-1852,-1847,-1847,-1848,-1843,-1843,-1843,-1839,-1839,-1835,-1831,-1831,-1826,-1822,-1817,-1812,-1808,-1804,-1799,-1795,-1791,-1791,-1787,-1782,-1777,-1772,-1768,-1768,-1764,-1764,-1759,-1754,-1749,-1745,-1745,-1745,-1740,-1736,-1731,-1726,-1721,-1717,-1713,-1708,-1703,-1698,-1699,-1699,-1695,-1690,-1686,-1681,-1676,-1672,-1672,-1673,-1668,-1668,-1663,-1664,-1659,-1659,-1659,-1655,-1655,-1655,-1651,-1648,-1643,-1639,-1634,-1634,-1634,-1630,-1625,-1620,-1615,-1615,-1611,-1611,-1606,-1602,-1602,-1597,-1592,-1593,-1588,-1588,-1584,-1584,-1579,-1574,-1569,-1565,-1565,-1560,-1555,-1555,-1551,-1546,-1546,-1542,-1542,-1538,-1533,-1528,-1525,-1521,-1521,-1517,-1517,-1517,-1518,-1518,-1513,-1514,-1509,-1505,-1500,-1495,-1490,-1486,-1481,-1476,-1476,-1472,-1469,-1464,-1464,-1459,-1454,-1455,-1450,-1450,-1445,-1441,-1436,-1431,-1426,-1421,-1417,-1412,-1413,-1408,-1403,-1404,-1399,-1395,-1395,-1395,-1396,-1396,-1391,-1392,-1387,-1387,-1387,-1383,-1378,-1378,-1374,-1370,-1365,-1361,-1356,-1351,-1346,-1342,-1342,-1337,-1337,-1338,-1338,-1338,-1334,-1329,-1325,-1321,-1316,-1312,-1307,-1302,-1298,-1293,-1288,-1288,-1289,-1284,-1279,-1274,-1270,-1265,-1265,-1260,-1256,-1251,-1247,-1243,-1238,-1239,-1239,-1234,-1230,-1225,-1221,-1216,-1211,-1207,-1203,-1198,-1194,-1194,-1194,-1190,-1190,-1191,-1186,-1181,-1182,-1182,-1177,-1173,-1168,-1164,-1159,-1154,-1150,-1145,-1140,-1136,-1131,-1126,-1126,-1122,-1117,-1117,-1112,-1108,-1103,-1098,-1093,-1088,-1084,-1079,-1074,-1069,-1069,-1064,-1065,-1060,-1055,-1055,-1050,-1046,-1041,-1036,-1031,-1026,-1026,-1021,-1016,-1011,-1009,-1009,-1005,-1005,-1001,-996,-991,-986,-981,-976,-971,-966,-961,-962,-957,-952,-947,-942,-942,-937,-932,-928,-928,-923,-918,-913,-909,-904,-899,-894,-894,-890,-885,-880,-875,-871,-866,-575,-575,-575,-575,-575,-575,-575,-575,-575,-575,-575,-575,-575,-575,-575,-575,-575,-575,-575,-575,-575,-575,-575,-575,-575,-575,-575,-575,-575,-575,-575,-575,-575,-575,-575,-575,-575,-575,-575,-575,-575,-575,-575,-575,-575,-575,-575,-575,-575,-575,-575,-575,-575,-575,-575,-575,-575,-575,-575,-575,-575,-575,-575,-575,-575,-575,-575,-575,-575,-575,-555,-535,-515,-515,-495,-475,-455,-435,-415,-396,-376,-356,-336,-316,-296,-276,-256,-237,-217,-197,-177,-157,-137,-118,-98,-78,-58,-39,-19,0
-3596,-3596,-3597,-3597,-3597,-3597,-3598,-3598,-3598,-3599,-3599,-3599,-3600,-3600,-3600,-3600,-3601,-3601,-3601,-3602,-3602,-3602,-3603,-3603,-3603,-3603,-3604,-3604,-3604,-3605,-3605,-3605,-3606,-3606,-3606,-3606,-3607,-3607,-3607,-3608,-3608,-3608,-3609,-3609,-3609,-3609,-3610,-3610,-3610,-3611,-3611,-3611,-3612,-3612,-3612,-3612,-3613,-3613,-3613,-3602,-3603,-3603,-3603,-3593,-3593,-3593,-3594,-3584,-3585,-3585,-3585,-3585,-3586,-3586,-3586,-3587,-3587,-3587,-3588,-3588,-3588,-3588,-3589,-3589,-3589,-3590,-3590,-3590,-3591,-3591,-3591,-3591,-3592,-3592,-3592,-3593,-3582,-3582,-3583,-3583,-3583,-3584,-3573,-3562,-3563,-3563,-3563,-3564,-3564,-3564,-3564,-3565,-3565,-3565,-3566,-3566,-3566,-3567,-3567,-3567,-3567,-3568,-3558,-3558,-3558,-3547,-3548,-3548,-3548,-3537,-3538,-3527,-3528,-3528,-3520,-3520,-3521,-3521,-3521,-3522,-3522,-3522,-3522,-3523,-3523,-3523,-3524,-3524,-3514,-3504,-3505,-3505,-3505,-3506,-3495,-3495,-3495,-3496,-3496,-3496,-3497,-3497,-3497,-3497,-3498,-3498,-3498,-3499,-3499,-3488,-3489,-3489,-3489,-3490,-3490,-3490,-3490,-3491,-3491,-3491,-3492,-3492,-3482,-3482,-3482,-3483,-3483,-3483,-3484,-3484,-3475,-3475,-3475,-3476,-3476,-3476,-3477,-3477,-3477,-3467,-3467,-3468,-3468,-3458,-3448,-3438,-3429,-3430,-3430,-3430,-3430,-3431,-3421,-3411,-3401,-3401,-3401,-3391,-3380,-3370,-3370,-3370,-3371,-3371,-3360,-3361,-3350,-3351,-3341,-3331,-3331,-3331,-3332,-3321,-3322,-3322,-3322,-3322,-3323,-3323,-3323,-3324,-3324,-3314,-3314,-3315,-3305,-3306,-3306,-3297,-3297,-3297,-3288,-3288,-3289,-3289,-3289,-3279,-3269,-3259,-3260,-3260,-3250,-3250,-3250,-3250,-3251,-3251,-3251,-3252,-3252,-3252,-3253,-3253,-3253,-3253,-3254,-3244,-3244,-3244,-3234,-3234,-3235,-3235,-3235,-3236,-3225,-3215,-3206,-3206,-3196,-3196,-3197,-3197,-3197,-3198,-3198,-3188,-3188,-3188,-3178,-3178,-3179,-3179,-3179,-3169,-3169,-3159,-3159,-3160,-3150,-3150,-3150,-3150,-3151,-3151,-3151,-3152,-3152,-3152,-3142,-3143,-3143,-3143,-3133,-3133,-3134,-3134,-3125,-3125,-3115,-3106,-3106,-3106,-3107,-3097,-3087,-3077,-3067,-3067,-3068,-3057,-3058,-3049,-3040,-3041,-3031,-3031,-3032,-3032,-3032,-3022,-3022,-3023,-3023,-3023,-3015,-3015,-3015,-3016,-3006,-3006,-2996,-2996,-2997,-2997,-2987,-2987,-2987,-2977,-2968,-2969,-2958,-2959,-2949,-2940,-2940,-2940,-2931,-2931,-2931,-2932,-2921,-2911,-2912,-2901,-2891,-2881,-2871,-2861,-2861,-2851,-2841,-2841,-2841,-2841,-2842,-2842,-2842,-2833,-2833,-2823,-2823,-2823,-2813,-2814,-2814,-2804,-2804,-2804,-2805,-2805,-2805,-2806,-2796,-2785,-2786,-2776,-2776,-2766,-2766,-2766,-2767,-2767,-2757,-2757,-2758,-2758,-2748,-2748,-2738,-2728,-2729,-2729,-2729,-2729,-2719,-2720,-2710,-2699,-2689,-2679,-2679,-2680,-2680,-2673,-2670,-2670,-2660,-2660,-2660,-2661,-2650,-2651,-2651,-2641,-2631,-2620,-2610,-2600,-2590,-2580,-2570,-2560,-2550,-2550,-2550,-2540,-2541,-2531,-2531,-2521,-2511,-2501,-2491,-2481,-2481,-2471,-2472,-2462,-2452,-2452,-2452,-2453,-2453,-2453,-2444,-2434,-2434,-2424,-2424,-2425,-2415,-2415,-2405,-2406,-2396,-2386,-2387,-2377,-2377,-2088,-2088,-2083,-2078,-2079,-2079,-2074,-2070,-2070,-2070,-2071,-2071,-2066,-2061,-2061,-2056,-2051,-2052,-2046,-2047,-2042,-2042,-2037,-2037,-2032,-2028,-2023,-2023,-2023,-2024,-2019,-2019,-2019,-2020,-2020,-2017,-2013,-2008,-2003,-1999,-1995,-1995,-1995,-1996,-1992,-1992,-1992,-1993,-1988,-1983,-1979,-1974,-1974,-1974,-1975,-1975,-1970,-1965,-1960,-1961,-1961,-1956,-1956,-1957,-1952,-1947,-1947,-1942,-1942,-1938,-1938,-1938,-1939,-1939,-1934,-1929,-1924,-1925,-1925,-1920,-1915,-1911,-1906,-1906,-1901,-1896,-1897,-1892,-1893,-1888,-1883,-1884,-1884,-1884,-1880,-1880,-1880,-1876,-1871,-1866,-1867,-1862,-1862,-1863,-1858,-1858,-1859,-1854,-1854,-1850,-1846,-1846,-1841,-1837,-1832,-1827,-1823,-1819,-1815,-1810,-1806,-1807,-1802,-1797,-1792,-1787,-1783,-1783,-1778,-1779,-1774,-1769,-1764,-1760,-1760,-1760,-1755,-1751,-1746,-1741,-1737,-1732,-1728,-1723,-1718,-1714,-1714,-1714,-1710,-1705,-1701,-1696,-1692,-1687,-1687,-1687,-1683,-1683,-1678,-1678,-1674,-1674,-1674,-1670,-1670,-1671,-1668,-1663,-1658,-1654,-1649,-1649,-1649,-1645,-1640,-1635,-1630,-1630,-1626,-1626,-1621,-1616,-1617,-1612,-1607,-1608,-1603,-1603,-1599,-1599,-1594,-1589,-1584,-1579,-1580,-1575,-1570,-1570,-1566,-1561,-1562,-1557,-1557,-1553,-1548,-1545,-1540,-1536,-1536,-1532,-1532,-1532,-1533,-1533,-1529,-1529,-1524,-1520,-1515,-1510,-1505,-1501,-1496,-1491,-1492,-1488,-1484,-1479,-1479,-1474,-1469,-1470,-1465,-1465,-1460,-1455,-1450,-1446,-1441,-1437,-1432,-1427,-1428,-1423,-1418,-1419,-1414,-1410,-1410,-1410,-1411,-1411,-1406,-1407,-1402,-1402,-1403,-1398,-1393,-1394,-1390,-1385,-1380,-1376,-1371,-1366,-1361,-1357,-1357,-1352,-1352,-1353,-1353,-1353,-1349,-1345,-1341,-1336,-1332,-1327,-1322,-1317,-1313,-1308,-1303,-1303,-1304,-1299,-1294,-1289,-1285,-1280,-1280,-1276,-1271,-1267,-1263,-1258,-1253,-1254,-1254,-1249,-1245,-1240,-1236,-1231,-1227,-1222,-1218,-1213,-1209,-1210,-1210,-1205,-1205,-1206,-1201,-1196,-1197,-1197,-1192,-1188,-1183,-1179,-1174,-1169,-1165,-1160,-1155,-1151,-1146,-1141,-1141,-1137,-1132,-1132,-1127,-1122,-1118,-1113,-1108,-1103,-1098,-1094,-1089,-1084,-1084,-1079,-1080,-1075,-1070,-1070,-1065,-1060,-1055,-1050,-1045,-1040,-1041,-1036,-1031,-1029,-1029,-1025,-1021,-1021,-1016,-1011,-1006,-1001,-996,-991,-986,-981,-976,-976,-971,-967,-962,-957,-957,-952,-947,-942,-943,-938,-933,-928,-923,-919,-914,-909,-909,-905,-900,-895,-890,-886,-881,-595,-595,-595,-595,-595,-595,-595,-595,-595,-595,-595,-595,-595,-595,-595,-595,-595,-595,-595,-595,-595,-595,-595,-595,-595,-595,-595,-595,-595,-595,-595,-595,-595,-595,-595,-595,-595,-595,-595,-595,-595,-595,-595,-595,-595,-595,-595,-594,-595,-595,-595,-595,-595,-595,-595,-595,-595,-595,-595,-595,-595,-595,-595,-595,-595,-595,-595,-595,-595,-575,-555,-535,-515,-515,-495,-475,-455,-435,-415,-395,-375,-356,-336,-316,-296,-276,-256,-236,-217,-197,-177,-157,-137,-118,-98,-78,-58,-39,-19,0
-3604,-3604,-3605,-3605,-3605,-3605,-3606,-3606,-3606,-3607,-3607,-3607,-3608,-3608,-3608,-3609,-3609,-3609,-3610,-3610,-3610,-3610,-3611,-3611,-3611,-3612,-3612,-3612,-3613,-3613,-3613,-3614,-3614,-3614,-3614,-3615,-3615,-3615,-3616,-3616,-3616,-3617,-3617,-3617,-3618,-3618,-3618,-3618,-3619,-3619,-3619,-3620,-3620,-3620,-3621,-3621,-3621,-3622,-3622,-3611,-3612,-3612,-3612,-3603,-3603,-3604,-3604,-3593,-3593,-3594,-3594,-3594,-3595,-3595,-3595,-3596,-3596,-3596,-3596,-3597,-3597,-3597,-3598,-3598,-3598,-3599,-3599,-3599,-3600,-3600,-3600,-3601,-3601,-3601,-3601,-3602,-3591,-3591,-3592,-3592,-3592,-3593,-3582,-3572,-3572,-3572,-3573,-3573,-3573,-3574,-3574,-3574,-3575,-3575,-3575,-3575,-3576,-3576,-3576,-3577,-3577,-3577,-3566,-3567,-3567,-3556,-3557,-3557,-3557,-3547,-3547,-3539,-3539,-3540,-3529,-3530,-3530,-3530,-3531,-3531,-3531,-3532,-3532,-3532,-3533,-3533,-3533,-3533,-3524,-3513,-3514,-3514,-3514,-3514,-3504,-3504,-3504,-3505,-3505,-3505,-3506,-3506,-3506,-3507,-3507,-3507,-3507,-3508,-3508,-3498,-3498,-3498,-3499,-3499,-3499,-3500,-3500,-3500,-3500,-3501,-3501,-3501,-3492,-3493,-3493,-3493,-3493,-3494,-3494,-3494,-3484,-3485,-3485,-3485,-3486,-3486,-3486,-3486,-3487,-3477,-3477,-3478,-3478,-3468,-3458,-3449,-3439,-3439,-3440,-3440,-3440,-3441,-3431,-3420,-3410,-3410,-3410,-3400,-3389,-3379,-3379,-3380,-3380,-3380,-3370,-3370,-3360,-3361,-3350,-3340,-3340,-3341,-3341,-3331,-3331,-3331,-3332,-3332,-3332,-3333,-3333,-3333,-3334,-3325,-3325,-3325,-3316,-3316,-3317,-3307,-3307,-3308,-3297,-3298,-3298,-3298,-3299,-3289,-3279,-3269,-3269,-3269,-3259,-3259,-3260,-3260,-3260,-3261,-3261,-3261,-3262,-3262,-3262,-3262,-3263,-3263,-3263,-3253,-3254,-3254,-3243,-3244,-3244,-3244,-3245,-3245,-3235,-3226,-3215,-3216,-3206,-3206,-3206,-3207,-3207,-3207,-3208,-3197,-3198,-3198,-3188,-3188,-3188,-3189,-3189,-3179,-3179,-3169,-3169,-3169,-3159,-3160,-3160,-3160,-3160,-3161,-3161,-3161,-3162,-3162,-3152,-3152,-3152,-3153,-3144,-3144,-3145,-3145,-3135,-3135,-3125,-3115,-3116,-3116,-3116,-3107,-3097,-3087,-3077,-3077,-3077,-3069,-3069,-3060,-3050,-3051,-3041,-3041,-3041,-3041,-3042,-3033,-3033,-3034,-3034,-3034,-3025,-3025,-3025,-3026,-3015,-3016,-3006,-3006,-3006,-3007,-2996,-2997,-2997,-2988,-2978,-2978,-2968,-2969,-2959,-2950,-2950,-2950,-2940,-2941,-2941,-2941,-2931,-2921,-2921,-2911,-2901,-2891,-2880,-2870,-2870,-2860,-2850,-2851,-2851,-2851,-2852,-2852,-2852,-2842,-2843,-2833,-2833,-2833,-2823,-2823,-2824,-2813,-2814,-2814,-2814,-2815,-2815,-2815,-2805,-2795,-2795,-2785,-2786,-2775,-2776,-2776,-2776,-2777,-2767,-2767,-2767,-2767,-2758,-2758,-2748,-2738,-2738,-2738,-2739,-2739,-2729,-2729,-2719,-2709,-2699,-2691,-2692,-2692,-2692,-2689,-2679,-2679,-2669,-2669,-2670,-2670,-2660,-2660,-2660,-2650,-2640,-2630,-2620,-2610,-2600,-2590,-2580,-2569,-2559,-2560,-2560,-2550,-2550,-2540,-2541,-2531,-2521,-2511,-2501,-2491,-2491,-2481,-2481,-2472,-2462,-2462,-2462,-2463,-2463,-2463,-2453,-2444,-2444,-2434,-2434,-2435,-2425,-2425,-2415,-2416,-2406,-2396,-2397,-2387,-2387,-2102,-2103,-2098,-2093,-2093,-2094,-2089,-2084,-2085,-2085,-2085,-2086,-2080,-2076,-2076,-2071,-2066,-2066,-2061,-2061,-2057,-2057,-2052,-2052,-2047,-2043,-2038,-2038,-2038,-2039,-2035,-2035,-2036,-2036,-2036,-2033,-2028,-2023,-2018,-2014,-2010,-2011,-2011,-2011,-2007,-2007,-2007,-2008,-2003,-1998,-1993,-1989,-1989,-1989,-1989,-1990,-1985,-1980,-1975,-1975,-1976,-1971,-1971,-1971,-1966,-1962,-1962,-1957,-1958,-1953,-1953,-1953,-1954,-1954,-1949,-1944,-1939,-1939,-1940,-1935,-1931,-1926,-1921,-1921,-1916,-1912,-1912,-1907,-1908,-1903,-1898,-1899,-1899,-1899,-1895,-1895,-1895,-1891,-1886,-1881,-1882,-1877,-1877,-1878,-1873,-1873,-1874,-1870,-1870,-1865,-1861,-1861,-1856,-1852,-1847,-1843,-1839,-1834,-1830,-1826,-1821,-1821,-1817,-1812,-1807,-1803,-1798,-1798,-1793,-1793,-1789,-1784,-1779,-1774,-1775,-1775,-1770,-1765,-1761,-1756,-1752,-1747,-1743,-1738,-1734,-1729,-1729,-1729,-1725,-1720,-1716,-1711,-1707,-1702,-1702,-1702,-1698,-1698,-1693,-1693,-1689,-1689,-1690,-1687,-1687,-1687,-1683,-1678,-1673,-1668,-1664,-1664,-1664,-1659,-1655,-1650,-1645,-1646,-1641,-1641,-1636,-1632,-1632,-1627,-1622,-1623,-1618,-1618,-1613,-1614,-1609,-1604,-1599,-1594,-1595,-1590,-1585,-1585,-1581,-1576,-1577,-1572,-1573,-1568,-1564,-1560,-1556,-1551,-1551,-1547,-1547,-1548,-1548,-1548,-1544,-1544,-1539,-1535,-1530,-1525,-1520,-1516,-1511,-1508,-1508,-1503,-1498,-1494,-1494,-1489,-1484,-1484,-1480,-1480,-1475,-1470,-1465,-1460,-1456,-1452,-1447,-1442,-1443,-1438,-1434,-1434,-1429,-1425,-1425,-1425,-1426,-1426,-1421,-1422,-1417,-1417,-1418,-1413,-1409,-1409,-1405,-1400,-1395,-1390,-1386,-1381,-1376,-1371,-1372,-1367,-1367,-1368,-1368,-1368,-1364,-1360,-1356,-1351,-1347,-1342,-1337,-1332,-1327,-1323,-1318,-1318,-1319,-1314,-1309,-1304,-1299,-1295,-1295,-1291,-1287,-1282,-1278,-1273,-1269,-1269,-1269,-1265,-1260,-1255,-1251,-1246,-1242,-1238,-1233,-1229,-1224,-1225,-1225,-1220,-1220,-1221,-1216,-1211,-1212,-1212,-1207,-1203,-1198,-1194,-1189,-1184,-1179,-1175,-1170,-1165,-1161,-1156,-1156,-1151,-1147,-1147,-1142,-1137,-1133,-1128,-1123,-1118,-1113,-1108,-1104,-1099,-1099,-1094,-1094,-1090,-1085,-1085,-1080,-1075,-1070,-1065,-1060,-1055,-1055,-1050,-1049,-1048,-1044,-1040,-1035,-1036,-1031,-1026,-1021,-1016,-1011,-1006,-1001,-996,-991,-991,-986,-981,-976,-972,-972,-967,-962,-957,-958,-953,-948,-943,-938,-933,-929,-924,-924,-920,-915,-910,-905,-901,-896,-615,-615,-615,-615,-615,-615,-615,-615,-615,-615,-615,-615,-615,-615,-615,-615,-615,-615,-615,-615,-615,-614,-614,-614,-614,-614,-614,-614,-614,-614,-614,-614,-614,-614,-614,-614,-614,-614,-614,-614,-614,-614,-614,-614,-614,-614,-614,-614,-614,-614,-614,-614,-614,-614,-614,-614,-614,-614,-614,-614,-614,-614,-614,-614,-614,-614,-614,-614,-594,-574,-554,-534,-514,-515,-495,-475,-455,-435,-415,-395,-375,-355,-335,-316,-296,-276,-256,-236,-216,-197,-177,-157,-137,-118,-98,-78,-58,-39,-19,0
-3612,-3613,-3613,-3613,-3614,-3614,-3614,-3615,-3615,-3615,-3616,-3616,-3616,-3617,-3617,-3617,-3618,-3618,-3618,-3619,-3619,-3619,-3620,-3620,-3620,-3620,-3621,-3621,-3621,-3622,-3622,-3622,-3623,-3623,-3623,-3624,-3624,-3624,-3625,-3625,-3625,-3626,-3626,-3626,-3627,-3627,-3627,-3628,-3628,-3628,-3628,-3629,-3629,-3629,-3630,-3630,-3630,-3631,-3631,-3622,-3622,-3622,-3623,-3612,-3612,-3612,-3613,-3602,-3602,-3603,-3603,-3603,-3603,-3604,-3604,-3604,-3605,-3605,-3605,-3606,-3606,-3606,-3607,-3607,-3607,-3608,-3608,-3608,-3609,-3609,-3609,-3610,-3610,-3610,-3611,-3611,-3600,-3600,-3601,-3601,-3601,-3602,-3591,-3580,-3581,-3581,-3581,-3582,-3582,-3582,-3583,-3583,-3583,-3584,-3584,-3584,-3585,-3585,-3585,-3586,-3586,-3586,-3575,-3576,-3576,-3565,-3566,-3566,-3566,-3558,-3559,-3548,-3549,-3549,-3540,-3540,-3540,-3541,-3541,-3541,-3541,-3542,-3542,-3542,-3543,-3543,-3543,-3544,-3533,-3522,-3522,-3523,-3523,-3523,-3513,-3513,-3514,-3514,-3514,-3514,-3515,-3515,-3515,-3516,-3516,-3516,-3517,-3517,-3517,-3508,-3508,-3509,-3509,-3509,-3510,-3510,-3510,-3511,-3511,-3511,-3512,-3512,-3502,-3502,-3502,-3503,-3503,-3503,-3504,-3504,-3494,-3495,-3495,-3495,-3496,-3496,-3496,-3497,-3497,-3487,-3487,-3487,-3487,-3477,-3469,-3459,-3449,-3449,-3449,-3450,-3450,-3450,-3440,-3429,-3419,-3420,-3420,-3409,-3399,-3388,-3388,-3389,-3389,-3389,-3380,-3380,-3370,-3370,-3360,-3350,-3350,-3350,-3350,-3341,-3342,-3342,-3342,-3343,-3343,-3343,-3344,-3344,-3344,-3335,-3335,-3336,-3326,-3326,-3327,-3316,-3317,-3317,-3307,-3308,-3308,-3308,-3309,-3299,-3288,-3278,-3278,-3279,-3268,-3269,-3269,-3269,-3270,-3270,-3270,-3271,-3271,-3271,-3272,-3272,-3272,-3273,-3273,-3263,-3263,-3263,-3253,-3254,-3254,-3254,-3255,-3255,-3245,-3235,-3225,-3225,-3215,-3215,-3216,-3216,-3216,-3217,-3217,-3207,-3207,-3207,-3197,-3197,-3198,-3198,-3198,-3188,-3188,-3178,-3179,-3179,-3169,-3169,-3169,-3170,-3170,-3170,-3171,-3171,-3171,-3172,-3163,-3163,-3163,-3164,-3154,-3154,-3154,-3155,-3145,-3145,-3135,-3126,-3126,-3127,-3127,-3117,-3106,-3096,-3088,-3088,-3088,-3079,-3080,-3070,-3060,-3060,-3052,-3052,-3052,-3052,-3053,-3043,-3043,-3044,-3044,-3044,-3034,-3034,-3035,-3035,-3025,-3025,-3015,-3016,-3016,-3016,-3007,-3007,-3008,-2998,-2988,-2988,-2979,-2979,-2969,-2959,-2960,-2960,-2950,-2950,-2950,-2951,-2940,-2930,-2931,-2920,-2910,-2900,-2890,-2880,-2880,-2870,-2860,-2860,-2861,-2861,-2861,-2862,-2862,-2852,-2852,-2842,-2842,-2843,-2832,-2833,-2833,-2823,-2823,-2823,-2824,-2824,-2824,-2825,-2815,-2805,-2805,-2795,-2795,-2785,-2785,-2786,-2786,-2786,-2776,-2777,-2777,-2777,-2767,-2768,-2757,-2747,-2748,-2748,-2748,-2749,-2739,-2739,-2729,-2718,-2711,-2708,-2708,-2709,-2709,-2699,-2688,-2689,-2679,-2679,-2679,-2680,-2669,-2670,-2670,-2660,-2650,-2640,-2629,-2619,-2609,-2599,-2589,-2579,-2569,-2569,-2570,-2560,-2560,-2550,-2550,-2540,-2530,-2520,-2510,-2501,-2501,-2491,-2491,-2481,-2471,-2472,-2472,-2472,-2473,-2473,-2463,-2453,-2454,-2444,-2444,-2445,-2435,-2435,-2425,-2426,-2416,-2406,-2407,-2397,-2397,-2117,-2118,-2113,-2108,-2109,-2109,-2104,-2099,-2099,-2099,-2100,-2100,-2095,-2090,-2091,-2086,-2080,-2081,-2076,-2076,-2071,-2071,-2067,-2067,-2062,-2057,-2054,-2054,-2055,-2055,-2051,-2051,-2052,-2052,-2052,-2047,-2043,-2038,-2034,-2030,-2026,-2026,-2026,-2027,-2022,-2022,-2022,-2023,-2018,-2013,-2008,-2003,-2004,-2004,-2004,-2005,-2000,-1995,-1990,-1990,-1990,-1985,-1986,-1986,-1981,-1977,-1977,-1972,-1972,-1967,-1968,-1968,-1968,-1969,-1964,-1959,-1954,-1955,-1955,-1950,-1945,-1940,-1936,-1936,-1931,-1927,-1927,-1922,-1923,-1918,-1913,-1914,-1914,-1914,-1910,-1910,-1910,-1906,-1901,-1896,-1897,-1892,-1892,-1893,-1889,-1889,-1889,-1885,-1885,-1880,-1876,-1876,-1871,-1867,-1863,-1858,-1854,-1850,-1846,-1841,-1836,-1836,-1831,-1827,-1822,-1817,-1813,-1813,-1808,-1808,-1804,-1799,-1794,-1789,-1790,-1790,-1785,-1781,-1776,-1772,-1767,-1762,-1758,-1753,-1748,-1744,-1744,-1745,-1740,-1736,-1731,-1726,-1721,-1717,-1717,-1717,-1712,-1713,-1708,-1709,-1706,-1706,-1706,-1702,-1702,-1703,-1698,-1693,-1688,-1683,-1678,-1679,-1679,-1674,-1669,-1665,-1660,-1660,-1656,-1656,-1651,-1646,-1647,-1642,-1637,-1638,-1633,-1633,-1628,-1629,-1624,-1619,-1614,-1609,-1609,-1605,-1600,-1601,-1596,-1592,-1592,-1587,-1588,-1584,-1580,-1576,-1571,-1566,-1567,-1562,-1562,-1563,-1563,-1563,-1559,-1559,-1554,-1549,-1545,-1540,-1535,-1531,-1527,-1523,-1523,-1518,-1513,-1508,-1509,-1504,-1499,-1499,-1494,-1495,-1490,-1485,-1480,-1476,-1471,-1467,-1462,-1457,-1458,-1454,-1449,-1449,-1444,-1440,-1440,-1440,-1441,-1441,-1436,-1437,-1432,-1432,-1433,-1429,-1424,-1424,-1420,-1415,-1410,-1405,-1401,-1396,-1391,-1386,-1387,-1383,-1383,-1383,-1384,-1384,-1380,-1375,-1371,-1366,-1362,-1357,-1352,-1347,-1342,-1338,-1333,-1333,-1333,-1329,-1324,-1319,-1315,-1310,-1310,-1306,-1302,-1297,-1293,-1288,-1284,-1284,-1284,-1280,-1275,-1270,-1266,-1262,-1258,-1253,-1249,-1244,-1239,-1240,-1240,-1235,-1235,-1236,-1231,-1226,-1227,-1227,-1223,-1218,-1213,-1209,-1204,-1199,-1195,-1190,-1185,-1180,-1176,-1171,-1171,-1166,-1161,-1162,-1157,-1152,-1147,-1143,-1138,-1133,-1128,-1123,-1118,-1114,-1114,-1109,-1109,-1104,-1099,-1100,-1095,-1090,-1085,-1080,-1075,-1070,-1070,-1068,-1068,-1064,-1060,-1055,-1050,-1050,-1045,-1040,-1035,-1030,-1025,-1020,-1015,-1010,-1006,-1006,-1001,-996,-991,-986,-987,-982,-977,-972,-972,-968,-963,-958,-953,-948,-944,-939,-939,-934,-930,-925,-920,-916,-911,-634,-634,-634,-634,-634,-634,-634,-634,-634,-634,-634,-634,-634,-634,-634,-634,-634,-634,-634,-634,-634,-634,-634,-634,-634,-634,-634,-634,-634,-634,-634,-634,-634,-634,-634,-634,-634,-634,-634,-634,-634,-634,-634,-634,-634,-634,-634,-634,-634,-634,-634,-634,-634,-634,-634,-634,-634,-634,-634,-634,-634,-634,-634,-634,-634,-634,-634,-614,-594,-574,-554,-534,-514,-514,-494,-475,-455,-435,-415,-395,-375,-355,-335,-315,-296,-276,-256,-236,-216,-197,-177,-157,-137,-117,-98,-78,-58,-39,-19,0
-3622,-3623,-3623,-3623,-3624,-3624,-3624,-3625,-3625,-3625,-3626,-3626,-3626,-3627,-3627,-3627,-3628,-3628,-3628,-3629,-3629,-3629,-3629,-3630,-3630,-3630,-3631,-3631,-3631,-3632,-3632,-3632,-3633,-3633,-3633,-3634,-3634,-3634,-3635,-3635,-3635,-3636,-3636,-3636,-3637,-3637,-3637,-3638,-3638,-3638,-3639,-3639,-3639,-3640,-3640,-3640,-3641,-3641,-3641,-3630,-3631,-3631,-3631,-3621,-3621,-3621,-3622,-3611,-3611,-3611,-3612,-3612,-3612,-3613,-3613,-3613,-3614,-3614,-3614,-3615,-3615,-3615,-3616,-3616,-3616,-3617,-3617,-3617,-3618,-3618,-3618,-3619,-3619,-3619,-3620,-3620,-3609,-3610,-3610,-3610,-3611,-3611,-3600,-3589,-3589,-3590,-3590,-3590,-3591,-3591,-3591,-3592,-3592,-3592,-3593,-3593,-3593,-3594,-3594,-3594,-3595,-3595,-3584,-3585,-3585,-3577,-3577,-3578,-3578,-3568,-3568,-3559,-3559,-3559,-3548,-3549,-3549,-3549,-3550,-3550,-3550,-3551,-3551,-3551,-3552,-3552,-3552,-3553,-3542,-3531,-3532,-3532,-3532,-3533,-3523,-3523,-3524,-3524,-3524,-3525,-3525,-3525,-3526,-3526,-3526,-3527,-3527,-3527,-3528,-3517,-3518,-3518,-3518,-3519,-3519,-3519,-3520,-3520,-3520,-3521,-3521,-3521,-3512,-3512,-3512,-3513,-3513,-3513,-3514,-3514,-3504,-3504,-3504,-3505,-3505,-3505,-3506,-3506,-3506,-3496,-3496,-3497,-3497,-3488,-3478,-3468,-3458,-3458,-3459,-3459,-3459,-3460,-3449,-3439,-3428,-3429,-3429,-3418,-3408,-3398,-3398,-3399,-3399,-3399,-3389,-3390,-3379,-3379,-3369,-3360,-3360,-3361,-3361,-3352,-3352,-3352,-3353,-3353,-3353,-3354,-3354,-3354,-3355,-3345,-3345,-3346,-3336,-3336,-3336,-3327,-3327,-3327,-3317,-3318,-3318,-3318,-3319,-3308,-3298,-3287,-3288,-3288,-3278,-3278,-3278,-3279,-3279,-3279,-3280,-3280,-3280,-3281,-3281,-3281,-3282,-3282,-3282,-3272,-3273,-3273,-3263,-3264,-3264,-3264,-3265,-3265,-3255,-3245,-3234,-3235,-3224,-3225,-3225,-3225,-3226,-3226,-3226,-3216,-3216,-3217,-3206,-3207,-3207,-3207,-3208,-3198,-3198,-3188,-3188,-3188,-3179,-3180,-3180,-3180,-3181,-3181,-3181,-3182,-3182,-3182,-3172,-3173,-3173,-3173,-3163,-3164,-3164,-3164,-3154,-3155,-3146,-3135,-3136,-3136,-3136,-3126,-3116,-3107,-3098,-3099,-3099,-3089,-3090,-3080,-3071,-3071,-3061,-3062,-3062,-3062,-3063,-3052,-3053,-3053,-3053,-3054,-3044,-3044,-3044,-3045,-3035,-3035,-3026,-3026,-3026,-3027,-3017,-3017,-3017,-3007,-2998,-2998,-2989,-2989,-2979,-2969,-2969,-2969,-2959,-2960,-2960,-2960,-2950,-2940,-2940,-2930,-2920,-2910,-2899,-2889,-2890,-2880,-2870,-2870,-2870,-2871,-2871,-2871,-2872,-2861,-2862,-2851,-2852,-2852,-2842,-2842,-2843,-2832,-2833,-2833,-2833,-2834,-2834,-2834,-2824,-2814,-2814,-2804,-2805,-2795,-2795,-2796,-2796,-2796,-2786,-2786,-2787,-2787,-2777,-2777,-2767,-2757,-2757,-2758,-2758,-2758,-2748,-2748,-2738,-2731,-2728,-2717,-2718,-2718,-2718,-2708,-2698,-2698,-2688,-2688,-2689,-2689,-2679,-2679,-2680,-2669,-2659,-2649,-2639,-2629,-2619,-2609,-2599,-2589,-2579,-2579,-2579,-2569,-2570,-2560,-2560,-2550,-2540,-2530,-2520,-2510,-2511,-2501,-2501,-2491,-2481,-2482,-2482,-2482,-2483,-2483,-2473,-2463,-2464,-2454,-2454,-2454,-2445,-2445,-2435,-2436,-2426,-2416,-2417,-2407,-2407,-2132,-2132,-2128,-2123,-2123,-2124,-2118,-2114,-2114,-2114,-2115,-2115,-2110,-2105,-2105,-2100,-2095,-2096,-2090,-2091,-2086,-2086,-2082,-2082,-2077,-2074,-2070,-2070,-2070,-2071,-2066,-2066,-2066,-2067,-2067,-2062,-2058,-2054,-2050,-2045,-2040,-2041,-2041,-2041,-2037,-2037,-2037,-2038,-2033,-2028,-2023,-2018,-2018,-2019,-2019,-2019,-2014,-2009,-2005,-2005,-2005,-2000,-2001,-2001,-1996,-1991,-1992,-1987,-1987,-1982,-1982,-1983,-1983,-1983,-1979,-1974,-1969,-1970,-1970,-1965,-1960,-1955,-1951,-1951,-1946,-1942,-1942,-1937,-1938,-1933,-1928,-1929,-1929,-1929,-1925,-1925,-1925,-1921,-1916,-1911,-1912,-1908,-1908,-1909,-1904,-1904,-1904,-1900,-1900,-1895,-1891,-1891,-1886,-1882,-1878,-1874,-1870,-1865,-1861,-1856,-1851,-1851,-1846,-1842,-1837,-1832,-1827,-1828,-1823,-1823,-1819,-1814,-1809,-1804,-1804,-1805,-1800,-1796,-1791,-1787,-1782,-1777,-1773,-1768,-1764,-1759,-1759,-1760,-1755,-1751,-1746,-1741,-1736,-1731,-1732,-1732,-1728,-1728,-1725,-1725,-1721,-1721,-1722,-1717,-1717,-1717,-1713,-1708,-1703,-1698,-1693,-1694,-1694,-1689,-1685,-1680,-1675,-1675,-1671,-1671,-1666,-1661,-1662,-1657,-1652,-1653,-1648,-1648,-1643,-1643,-1638,-1634,-1629,-1624,-1624,-1620,-1615,-1616,-1611,-1607,-1607,-1603,-1604,-1599,-1595,-1590,-1586,-1581,-1582,-1577,-1577,-1578,-1578,-1578,-1574,-1574,-1569,-1564,-1560,-1555,-1550,-1547,-1542,-1537,-1538,-1533,-1528,-1523,-1523,-1519,-1514,-1514,-1509,-1510,-1505,-1500,-1496,-1491,-1486,-1482,-1477,-1473,-1473,-1469,-1464,-1464,-1459,-1455,-1455,-1455,-1456,-1456,-1451,-1452,-1448,-1448,-1448,-1444,-1439,-1439,-1435,-1430,-1425,-1420,-1416,-1411,-1406,-1402,-1402,-1398,-1399,-1399,-1399,-1400,-1395,-1391,-1386,-1381,-1376,-1372,-1367,-1362,-1357,-1353,-1348,-1348,-1348,-1344,-1339,-1334,-1330,-1326,-1326,-1322,-1317,-1312,-1308,-1303,-1299,-1299,-1299,-1295,-1290,-1286,-1281,-1277,-1273,-1268,-1264,-1259,-1254,-1255,-1255,-1250,-1250,-1251,-1246,-1242,-1242,-1242,-1238,-1233,-1228,-1224,-1219,-1214,-1210,-1205,-1200,-1195,-1190,-1186,-1186,-1181,-1176,-1177,-1172,-1167,-1162,-1157,-1153,-1148,-1143,-1138,-1133,-1128,-1129,-1124,-1124,-1119,-1114,-1114,-1109,-1104,-1100,-1095,-1089,-1088,-1088,-1088,-1084,-1080,-1075,-1070,-1065,-1065,-1060,-1055,-1050,-1045,-1040,-1035,-1030,-1025,-1020,-1021,-1016,-1011,-1006,-1001,-1001,-997,-992,-987,-987,-982,-978,-973,-968,-963,-959,-954,-954,-949,-945,-940,-935,-931,-926,-654,-654,-654,-654,-654,-654,-654,-654,-654,-654,-654,-654,-654,-654,-654,-654,-654,-654,-654,-654,-654,-654,-654,-654,-654,-654,-654,-654,-654,-654,-654,-654,-654,-654,-654,-654,-654,-654,-654,-654,-654,-654,-654,-654,-654,-654,-653,-653,-654,-654,-654,-654,-654,-654,-654,-654,-654,-654,-654,-654,-654,-654,-654,-654,-654,-654,-634,-614,-594,-574,-554,-534,-514,-514,-494,-474,-454,-434,-415,-395,-375,-355,-335,-315,-295,-276,-256,-236,-216,-196,-177,-157,-137,-117,-98,-78,-58,-39,-19,0
-3630,-3631,-3631,-3631,-3632,-3632,-3632,-3633,-3633,-3633,-3634,-3634,-3634,-3635,-3635,-3636,-3636,-3636,-3637,-3637,-3637,-3638,-3638,-3638,-3639,-3639,-3639,-3640,-3640,-3640,-3641,-3641,-3641,-3642,-3642,-3642,-3643,-3643,-3643,-3644,-3644,-3644,-3645,-3645,-3645,-3646,-3646,-3646,-3647,-3647,-3647,-3648,-3648,-3648,-3649,-3649,-3649,-3650,-3650,-3639,-3640,-3640,-3640,-3629,-3630,-3630,-3630,-3620,-3620,-3620,-3621,-3621,-3621,-3622,-3622,-3622,-3623,-3623,-3623,-3624,-3624,-3624,-3625,-3625,-3625,-3626,-3626,-3626,-3627,-3627,-3627,-3628,-3628,-3628,-3629,-3629,-3618,-3618,-3619,-3619,-3619,-3620,-3609,-3598,-3598,-3599,-3599,-3599,-3600,-3600,-3600,-3601,-3601,-3601,-3602,-3602,-3602,-3603,-3603,-3603,-3604,-3604,-3596,-3596,-3597,-3586,-3587,-3587,-3587,-3578,-3578,-3567,-3568,-3568,-3557,-3557,-3558,-3558,-3558,-3559,-3559,-3559,-3560,-3560,-3560,-3561,-3561,-3561,-3551,-3541,-3542,-3542,-3542,-3543,-3532,-3533,-3533,-3533,-3534,-3534,-3534,-3535,-3535,-3535,-3536,-3536,-3536,-3537,-3537,-3527,-3528,-3528,-3528,-3529,-3529,-3529,-3530,-3530,-3530,-3531,-3531,-3531,-3521,-3521,-3522,-3522,-3522,-3523,-3523,-3523,-3513,-3513,-3514,-3514,-3514,-3515,-3515,-3515,-3516,-3507,-3507,-3508,-3508,-3498,-3488,-3478,-3467,-3467,-3468,-3468,-3468,-3469,-3459,-3448,-3437,-3438,-3438,-3427,-3418,-3407,-3408,-3408,-3409,-3409,-3398,-3399,-3389,-3389,-3380,-3370,-3371,-3371,-3371,-3362,-3362,-3362,-3363,-3363,-3363,-3364,-3364,-3364,-3365,-3354,-3355,-3355,-3345,-3346,-3346,-3336,-3337,-3337,-3326,-3327,-3327,-3327,-3328,-3317,-3307,-3297,-3297,-3297,-3287,-3287,-3288,-3288,-3289,-3289,-3289,-3290,-3290,-3290,-3291,-3291,-3291,-3292,-3292,-3282,-3283,-3283,-3273,-3273,-3273,-3274,-3274,-3274,-3264,-3254,-3244,-3244,-3234,-3234,-3234,-3235,-3235,-3235,-3236,-3225,-3226,-3226,-3216,-3216,-3217,-3217,-3217,-3207,-3207,-3198,-3199,-3199,-3189,-3189,-3190,-3190,-3190,-3191,-3191,-3191,-3192,-3192,-3182,-3182,-3183,-3183,-3173,-3173,-3174,-3174,-3165,-3165,-3155,-3145,-3145,-3145,-3146,-3136,-3127,-3118,-3108,-3109,-3109,-3099,-3099,-3091,-3081,-3081,-3071,-3071,-3071,-3072,-3072,-3062,-3062,-3063,-3063,-3063,-3053,-3054,-3054,-3054,-3045,-3045,-3035,-3036,-3036,-3036,-3026,-3027,-3027,-3018,-3008,-3008,-2998,-2999,-2988,-2978,-2978,-2979,-2969,-2969,-2969,-2970,-2959,-2949,-2950,-2939,-2929,-2919,-2909,-2899,-2899,-2889,-2879,-2879,-2880,-2880,-2880,-2881,-2881,-2871,-2871,-2861,-2861,-2862,-2851,-2852,-2852,-2842,-2842,-2843,-2843,-2843,-2844,-2844,-2834,-2824,-2824,-2814,-2815,-2804,-2805,-2805,-2805,-2806,-2795,-2796,-2796,-2796,-2786,-2787,-2777,-2766,-2767,-2767,-2767,-2768,-2757,-2758,-2750,-2747,-2737,-2727,-2727,-2727,-2728,-2718,-2707,-2708,-2698,-2698,-2698,-2699,-2688,-2689,-2689,-2679,-2669,-2659,-2649,-2639,-2628,-2618,-2608,-2598,-2588,-2589,-2589,-2579,-2579,-2569,-2570,-2560,-2550,-2540,-2530,-2520,-2520,-2510,-2511,-2501,-2491,-2491,-2492,-2492,-2492,-2493,-2483,-2473,-2473,-2464,-2464,-2464,-2455,-2455,-2445,-2446,-2436,-2426,-2426,-2417,-2417,-2147,-2148,-2143,-2137,-2138,-2138,-2133,-2128,-2129,-2129,-2129,-2130,-2125,-2119,-2120,-2115,-2110,-2110,-2105,-2106,-2101,-2101,-2096,-2097,-2093,-2089,-2084,-2085,-2085,-2085,-2081,-2081,-2081,-2082,-2082,-2077,-2073,-2069,-2065,-2060,-2055,-2056,-2056,-2056,-2051,-2052,-2052,-2052,-2048,-2043,-2038,-2033,-2033,-2033,-2034,-2034,-2029,-2024,-2019,-2020,-2020,-2015,-2016,-2016,-2011,-2006,-2006,-2001,-2002,-1997,-1997,-1998,-1998,-1998,-1994,-1989,-1984,-1984,-1985,-1980,-1975,-1970,-1966,-1966,-1961,-1957,-1957,-1952,-1953,-1948,-1943,-1944,-1944,-1944,-1940,-1940,-1940,-1936,-1931,-1927,-1928,-1923,-1923,-1923,-1919,-1919,-1919,-1915,-1915,-1910,-1906,-1906,-1902,-1898,-1893,-1889,-1885,-1880,-1875,-1870,-1866,-1866,-1862,-1857,-1852,-1847,-1842,-1843,-1838,-1838,-1833,-1829,-1824,-1819,-1820,-1820,-1815,-1811,-1806,-1802,-1797,-1793,-1788,-1783,-1779,-1774,-1775,-1775,-1770,-1766,-1761,-1756,-1751,-1747,-1747,-1747,-1744,-1745,-1740,-1741,-1736,-1736,-1736,-1732,-1732,-1732,-1727,-1723,-1718,-1713,-1708,-1708,-1709,-1704,-1699,-1695,-1690,-1690,-1685,-1686,-1681,-1676,-1677,-1672,-1667,-1667,-1662,-1663,-1658,-1658,-1653,-1648,-1644,-1639,-1640,-1635,-1631,-1631,-1626,-1623,-1623,-1619,-1619,-1615,-1610,-1606,-1601,-1596,-1597,-1592,-1592,-1593,-1593,-1593,-1588,-1589,-1584,-1579,-1575,-1570,-1567,-1562,-1557,-1552,-1553,-1548,-1543,-1538,-1538,-1533,-1529,-1529,-1524,-1524,-1519,-1515,-1511,-1506,-1501,-1497,-1493,-1488,-1488,-1483,-1479,-1479,-1474,-1470,-1470,-1470,-1471,-1471,-1467,-1467,-1463,-1463,-1463,-1459,-1454,-1454,-1449,-1445,-1440,-1435,-1430,-1426,-1422,-1418,-1418,-1413,-1414,-1414,-1414,-1415,-1410,-1406,-1401,-1396,-1391,-1387,-1382,-1377,-1372,-1367,-1363,-1363,-1363,-1358,-1354,-1349,-1345,-1341,-1341,-1337,-1332,-1328,-1323,-1318,-1314,-1314,-1314,-1310,-1305,-1301,-1297,-1292,-1288,-1283,-1279,-1274,-1269,-1269,-1270,-1265,-1265,-1266,-1261,-1257,-1257,-1257,-1253,-1248,-1243,-1238,-1234,-1229,-1224,-1220,-1215,-1210,-1205,-1200,-1201,-1196,-1191,-1192,-1187,-1182,-1177,-1172,-1167,-1163,-1158,-1153,-1148,-1143,-1143,-1138,-1139,-1134,-1129,-1129,-1124,-1119,-1114,-1109,-1107,-1107,-1108,-1103,-1099,-1094,-1089,-1084,-1079,-1080,-1075,-1070,-1065,-1060,-1055,-1050,-1045,-1040,-1035,-1035,-1031,-1026,-1021,-1016,-1016,-1011,-1007,-1002,-1002,-997,-993,-988,-983,-978,-973,-969,-969,-964,-960,-955,-950,-946,-941,-674,-674,-674,-674,-674,-674,-674,-674,-674,-674,-674,-674,-674,-674,-674,-674,-674,-674,-674,-673,-673,-673,-673,-673,-673,-673,-673,-673,-673,-673,-673,-673,-673,-673,-673,-673,-673,-673,-673,-673,-673,-673,-673,-673,-673,-673,-673,-673,-673,-673,-673,-673,-673,-673,-673,-673,-673,-673,-673,-673,-673,-673,-673,-673,-673,-653,-633,-613,-593,-573,-553,-533,-513,-514,-494,-474,-454,-434,-414,-394,-375,-355,-335,-315,-295,-275,-256,-236,-216,-196,-177,-157,-137,-117,-98,-78,-58,-39,-19,0
-3639,-3639,-3639,-3640,-3640,-3640,-3641,-3641,-3641,-3642,-3642,-3642,-3643,-3643,-3643,-3644,-3644,-3644,-3645,-3645,-3646,-3646,-3646,-3647,-3647,-3647,-3648,-3648,-3648,-3649,-3649,-3649,-3650,-3650,-3650,-3651,-3651,-3651,-3652,-3652,-3653,-3653,-3653,-3654,-3654,-3654,-3655,-3655,-3655,-3656,-3656,-3656,-3657,-3657,-3657,-3658,-3658,-3658,-3659,-3648,-3648,-3649,-3649,-3638,-3639,-3639,-3639,-3628,-3628,-3629,-3629,-3629,-3630,-3630,-3630,-3631,-3631,-3631,-3632,-3632,-3632,-3633,-3633,-3633,-3634,-3634,-3635,-3635,-3635,-3636,-3636,-3636,-3637,-3637,-3637,-3638,-3627,-3627,-3627,-3628,-3628,-3628,-3618,-3609,-3610,-3610,-3611,-3611,-3611,-3612,-3612,-3612,-3613,-3613,-3613,-3614,-3614,-3614,-3615,-3615,-3615,-3616,-3605,-3606,-3606,-3596,-3597,-3597,-3598,-3587,-3587,-3576,-3576,-3577,-3566,-3566,-3567,-3567,-3567,-3568,-3568,-3568,-3569,-3569,-3569,-3570,-3570,-3571,-3561,-3551,-3551,-3551,-3552,-3552,-3542,-3542,-3543,-3543,-3543,-3544,-3544,-3544,-3545,-3545,-3545,-3546,-3546,-3547,-3547,-3536,-3537,-3537,-3537,-3538,-3538,-3538,-3539,-3539,-3539,-3540,-3540,-3540,-3530,-3531,-3531,-3531,-3532,-3532,-3532,-3533,-3524,-3524,-3524,-3525,-3525,-3526,-3526,-3526,-3527,-3517,-3517,-3517,-3518,-3508,-3497,-3487,-3476,-3477,-3477,-3477,-3478,-3478,-3467,-3457,-3446,-3447,-3447,-3437,-3427,-3417,-3417,-3417,-3418,-3418,-3408,-3408,-3399,-3399,-3390,-3380,-3381,-3381,-3381,-3371,-3371,-3372,-3372,-3372,-3373,-3373,-3373,-3374,-3374,-3364,-3365,-3365,-3355,-3355,-3356,-3345,-3346,-3346,-3336,-3336,-3336,-3337,-3337,-3327,-3316,-3306,-3306,-3307,-3297,-3298,-3298,-3298,-3299,-3299,-3299,-3300,-3300,-3300,-3301,-3301,-3301,-3302,-3302,-3292,-3292,-3292,-3282,-3283,-3283,-3283,-3284,-3284,-3274,-3263,-3253,-3253,-3243,-3243,-3244,-3244,-3244,-3245,-3245,-3235,-3235,-3236,-3225,-3226,-3226,-3226,-3227,-3218,-3218,-3208,-3208,-3208,-3199,-3199,-3199,-3200,-3200,-3200,-3201,-3201,-3201,-3202,-3192,-3192,-3192,-3193,-3183,-3184,-3184,-3185,-3174,-3175,-3164,-3154,-3154,-3155,-3155,-3147,-3138,-3128,-3118,-3118,-3119,-3110,-3110,-3100,-3090,-3090,-3080,-3081,-3081,-3081,-3082,-3071,-3072,-3072,-3072,-3073,-3064,-3064,-3064,-3065,-3054,-3055,-3045,-3045,-3046,-3046,-3037,-3037,-3037,-3028,-3018,-3018,-3008,-3008,-2998,-2988,-2988,-2988,-2978,-2978,-2979,-2979,-2969,-2959,-2959,-2949,-2939,-2929,-2919,-2909,-2909,-2899,-2888,-2889,-2889,-2889,-2890,-2890,-2890,-2880,-2880,-2870,-2871,-2871,-2861,-2861,-2862,-2851,-2852,-2852,-2852,-2853,-2853,-2853,-2843,-2833,-2834,-2824,-2824,-2814,-2814,-2814,-2815,-2815,-2805,-2805,-2806,-2806,-2796,-2796,-2786,-2776,-2776,-2776,-2777,-2777,-2770,-2770,-2767,-2757,-2746,-2736,-2737,-2737,-2737,-2727,-2717,-2717,-2707,-2707,-2708,-2708,-2698,-2698,-2699,-2688,-2678,-2668,-2658,-2648,-2638,-2628,-2618,-2608,-2598,-2598,-2599,-2589,-2589,-2579,-2579,-2569,-2559,-2550,-2540,-2530,-2530,-2520,-2521,-2511,-2501,-2501,-2502,-2502,-2502,-2503,-2493,-2483,-2483,-2474,-2474,-2474,-2465,-2465,-2455,-2455,-2446,-2436,-2436,-2427,-2427,-2162,-2162,-2157,-2152,-2153,-2153,-2148,-2143,-2143,-2143,-2144,-2144,-2139,-2134,-2135,-2129,-2125,-2125,-2120,-2121,-2116,-2116,-2113,-2113,-2109,-2104,-2099,-2099,-2100,-2100,-2096,-2096,-2096,-2097,-2097,-2093,-2089,-2085,-2080,-2075,-2070,-2070,-2071,-2071,-2066,-2066,-2067,-2067,-2062,-2057,-2052,-2047,-2048,-2048,-2048,-2049,-2044,-2039,-2034,-2035,-2035,-2030,-2030,-2031,-2026,-2021,-2021,-2016,-2016,-2012,-2012,-2012,-2013,-2013,-2009,-2004,-1999,-1999,-1999,-1995,-1990,-1985,-1981,-1981,-1976,-1972,-1972,-1967,-1968,-1963,-1958,-1959,-1959,-1959,-1955,-1955,-1955,-1951,-1947,-1942,-1942,-1938,-1938,-1938,-1934,-1934,-1934,-1930,-1930,-1925,-1921,-1922,-1917,-1913,-1909,-1905,-1900,-1895,-1890,-1885,-1881,-1881,-1876,-1872,-1867,-1862,-1857,-1858,-1853,-1853,-1848,-1843,-1839,-1834,-1835,-1835,-1831,-1826,-1821,-1817,-1812,-1807,-1803,-1798,-1794,-1789,-1790,-1790,-1785,-1780,-1776,-1771,-1766,-1763,-1764,-1764,-1759,-1760,-1755,-1755,-1751,-1751,-1751,-1746,-1747,-1747,-1742,-1737,-1733,-1728,-1723,-1724,-1724,-1719,-1714,-1710,-1705,-1705,-1700,-1701,-1696,-1691,-1691,-1687,-1682,-1682,-1677,-1677,-1673,-1673,-1668,-1663,-1659,-1654,-1655,-1650,-1645,-1646,-1642,-1638,-1638,-1634,-1634,-1630,-1625,-1621,-1616,-1611,-1612,-1607,-1607,-1607,-1608,-1608,-1603,-1604,-1599,-1594,-1590,-1586,-1582,-1577,-1572,-1567,-1567,-1562,-1558,-1553,-1553,-1548,-1543,-1544,-1539,-1539,-1535,-1530,-1526,-1521,-1516,-1512,-1507,-1503,-1503,-1498,-1494,-1494,-1489,-1485,-1486,-1486,-1486,-1487,-1482,-1482,-1478,-1478,-1478,-1474,-1469,-1469,-1464,-1460,-1455,-1450,-1445,-1441,-1437,-1432,-1433,-1429,-1429,-1429,-1430,-1430,-1425,-1421,-1416,-1411,-1406,-1401,-1397,-1392,-1387,-1382,-1377,-1378,-1378,-1374,-1369,-1365,-1361,-1356,-1356,-1352,-1347,-1343,-1338,-1333,-1329,-1329,-1329,-1325,-1321,-1316,-1312,-1308,-1303,-1298,-1293,-1289,-1284,-1284,-1285,-1280,-1281,-1281,-1276,-1272,-1272,-1272,-1268,-1263,-1258,-1254,-1249,-1244,-1239,-1235,-1230,-1225,-1220,-1215,-1216,-1211,-1206,-1206,-1202,-1197,-1192,-1187,-1182,-1177,-1172,-1168,-1163,-1158,-1158,-1153,-1153,-1148,-1143,-1144,-1139,-1134,-1129,-1127,-1127,-1123,-1123,-1119,-1114,-1109,-1104,-1099,-1094,-1094,-1089,-1084,-1079,-1074,-1069,-1065,-1060,-1055,-1050,-1050,-1045,-1040,-1036,-1031,-1031,-1026,-1021,-1017,-1017,-1012,-1007,-1003,-998,-993,-988,-984,-984,-979,-975,-970,-965,-961,-956,-693,-693,-693,-693,-693,-693,-693,-693,-693,-693,-693,-693,-693,-693,-693,-693,-693,-693,-693,-693,-693,-693,-693,-693,-693,-693,-693,-693,-693,-693,-693,-693,-693,-693,-693,-693,-693,-693,-693,-693,-693,-693,-693,-693,-693,-693,-693,-693,-693,-693,-693,-693,-693,-693,-693,-693,-693,-693,-693,-693,-693,-693,-693,-693,-673,-653,-633,-613,-593,-573,-553,-533,-513,-514,-494,-474,-454,-434,-414,-394,-374,-355,-335,-315,-295,-275,-256,-236,-216,-196,-176,-157,-137,-117,-98,-78,-58,-38,-19,0
-3647,-3647,-3647,-3648,-3648,-3648,-3649,-3649,-3649,-3650,-3650,-3651,-3651,-3651,-3652,-3652,-3652,-3653,-3653,-3653,-3654,-3654,-3655,-3655,-3655,-3656,-3656,-3656,-3657,-3657,-3657,-3658,-3658,-3658,-3659,-3659,-3660,-3660,-3660,-3661,-3661,-3661,-3662,-3662,-3662,-3663,-3663,-3664,-3664,-3664,-3665,-3665,-3665,-3666,-3666,-3666,-3667,-3667,-3667,-3657,-3657,-3657,-3658,-3646,-3647,-3647,-3648,-3636,-3636,-3637,-3637,-3638,-3638,-3638,-3639,-3639,-3639,-3640,-3640,-3640,-3641,-3641,-3642,-3642,-3642,-3643,-3643,-3643,-3644,-3644,-3644,-3645,-3645,-3645,-3646,-3646,-3635,-3636,-3636,-3636,-3637,-3637,-3629,-3619,-3619,-3619,-3620,-3620,-3620,-3621,-3621,-3621,-3622,-3622,-3622,-3623,-3623,-3624,-3624,-3624,-3625,-3625,-3615,-3616,-3616,-3605,-3606,-3606,-3606,-3595,-3596,-3585,-3585,-3586,-3576,-3576,-3577,-3577,-3577,-3578,-3578,-3579,-3579,-3579,-3580,-3580,-3580,-3581,-3570,-3560,-3561,-3561,-3561,-3562,-3551,-3551,-3552,-3552,-3552,-3553,-3553,-3553,-3554,-3554,-3554,-3555,-3555,-3556,-3556,-3545,-3546,-3546,-3547,-3547,-3547,-3548,-3548,-3548,-3549,-3549,-3549,-3550,-3541,-3541,-3542,-3542,-3542,-3543,-3543,-3543,-3533,-3534,-3534,-3534,-3535,-3535,-3536,-3536,-3536,-3526,-3527,-3527,-3527,-3517,-3506,-3496,-3485,-3486,-3486,-3486,-3487,-3487,-3477,-3466,-3456,-3457,-3457,-3447,-3436,-3426,-3426,-3427,-3427,-3427,-3418,-3419,-3409,-3410,-3400,-3390,-3390,-3390,-3391,-3381,-3381,-3382,-3382,-3382,-3383,-3383,-3383,-3384,-3384,-3374,-3374,-3375,-3364,-3365,-3365,-3355,-3355,-3355,-3345,-3345,-3346,-3346,-3346,-3336,-3326,-3316,-3316,-3317,-3306,-3307,-3307,-3307,-3308,-3308,-3308,-3309,-3309,-3310,-3310,-3310,-3311,-3311,-3311,-3301,-3302,-3302,-3291,-3292,-3292,-3293,-3293,-3293,-3283,-3273,-3262,-3263,-3252,-3253,-3253,-3253,-3254,-3254,-3255,-3244,-3245,-3245,-3236,-3236,-3237,-3237,-3237,-3227,-3227,-3217,-3218,-3218,-3208,-3208,-3209,-3209,-3210,-3210,-3210,-3211,-3211,-3211,-3202,-3202,-3203,-3203,-3193,-3193,-3193,-3194,-3184,-3184,-3174,-3165,-3166,-3166,-3166,-3157,-3148,-3137,-3129,-3129,-3129,-3120,-3120,-3110,-3099,-3100,-3090,-3090,-3090,-3091,-3091,-3082,-3082,-3083,-3083,-3083,-3073,-3073,-3074,-3074,-3064,-3065,-3055,-3056,-3056,-3056,-3047,-3047,-3047,-3037,-3027,-3027,-3017,-3017,-3007,-2997,-2997,-2998,-2987,-2988,-2988,-2989,-2978,-2968,-2968,-2958,-2948,-2938,-2928,-2918,-2918,-2908,-2898,-2898,-2898,-2899,-2899,-2899,-2900,-2890,-2890,-2880,-2880,-2880,-2870,-2871,-2871,-2861,-2861,-2861,-2862,-2862,-2863,-2863,-2853,-2843,-2843,-2833,-2833,-2823,-2824,-2824,-2824,-2825,-2814,-2815,-2815,-2815,-2805,-2806,-2795,-2788,-2788,-2789,-2789,-2789,-2786,-2787,-2776,-2766,-2756,-2746,-2746,-2746,-2747,-2736,-2726,-2727,-2716,-2717,-2717,-2718,-2707,-2708,-2708,-2698,-2688,-2678,-2668,-2658,-2648,-2638,-2628,-2618,-2608,-2608,-2608,-2598,-2599,-2589,-2589,-2579,-2569,-2559,-2549,-2539,-2540,-2530,-2530,-2520,-2511,-2511,-2511,-2512,-2512,-2512,-2503,-2493,-2493,-2483,-2484,-2484,-2474,-2475,-2465,-2465,-2456,-2446,-2446,-2437,-2437,-2176,-2177,-2172,-2167,-2167,-2168,-2162,-2157,-2158,-2158,-2158,-2159,-2154,-2149,-2149,-2144,-2139,-2140,-2135,-2135,-2132,-2132,-2128,-2129,-2124,-2119,-2114,-2115,-2115,-2115,-2111,-2112,-2112,-2112,-2113,-2109,-2104,-2099,-2095,-2090,-2085,-2085,-2085,-2086,-2081,-2081,-2082,-2082,-2077,-2072,-2067,-2062,-2062,-2063,-2063,-2063,-2059,-2054,-2049,-2049,-2050,-2045,-2045,-2045,-2040,-2035,-2036,-2031,-2031,-2027,-2027,-2027,-2028,-2028,-2023,-2018,-2013,-2014,-2014,-2010,-2005,-2000,-1996,-1996,-1991,-1987,-1987,-1982,-1983,-1978,-1973,-1974,-1974,-1974,-1970,-1970,-1970,-1966,-1962,-1957,-1957,-1953,-1953,-1953,-1949,-1949,-1949,-1945,-1945,-1941,-1937,-1937,-1933,-1928,-1924,-1919,-1915,-1910,-1905,-1901,-1896,-1896,-1891,-1886,-1882,-1877,-1872,-1872,-1868,-1868,-1863,-1858,-1854,-1850,-1850,-1850,-1846,-1841,-1836,-1832,-1827,-1823,-1818,-1813,-1809,-1804,-1805,-1805,-1800,-1795,-1790,-1786,-1783,-1778,-1779,-1779,-1774,-1775,-1770,-1770,-1765,-1766,-1766,-1761,-1762,-1762,-1757,-1752,-1747,-1743,-1738,-1738,-1739,-1734,-1729,-1724,-1720,-1720,-1715,-1716,-1711,-1706,-1706,-1701,-1696,-1697,-1692,-1692,-1687,-1688,-1683,-1679,-1674,-1670,-1670,-1665,-1662,-1662,-1658,-1653,-1654,-1649,-1649,-1645,-1640,-1636,-1631,-1626,-1626,-1622,-1622,-1622,-1623,-1623,-1618,-1619,-1614,-1609,-1606,-1601,-1596,-1592,-1587,-1582,-1582,-1577,-1572,-1567,-1568,-1563,-1558,-1558,-1554,-1555,-1550,-1545,-1541,-1536,-1532,-1527,-1522,-1518,-1518,-1513,-1509,-1509,-1505,-1500,-1501,-1501,-1501,-1502,-1497,-1497,-1492,-1493,-1493,-1488,-1484,-1484,-1479,-1475,-1470,-1465,-1461,-1457,-1452,-1448,-1448,-1444,-1444,-1444,-1445,-1445,-1440,-1435,-1431,-1426,-1421,-1416,-1411,-1407,-1402,-1397,-1393,-1393,-1393,-1389,-1385,-1380,-1376,-1371,-1371,-1367,-1362,-1358,-1353,-1348,-1344,-1344,-1345,-1340,-1336,-1331,-1327,-1323,-1318,-1313,-1308,-1304,-1299,-1300,-1300,-1295,-1296,-1296,-1291,-1287,-1287,-1287,-1283,-1278,-1273,-1269,-1264,-1259,-1254,-1249,-1245,-1240,-1235,-1230,-1231,-1226,-1221,-1221,-1216,-1212,-1207,-1202,-1197,-1192,-1187,-1182,-1177,-1172,-1173,-1168,-1168,-1163,-1158,-1158,-1153,-1148,-1147,-1146,-1142,-1138,-1139,-1134,-1129,-1124,-1119,-1114,-1109,-1109,-1104,-1099,-1094,-1089,-1084,-1079,-1074,-1069,-1065,-1065,-1060,-1055,-1050,-1046,-1046,-1041,-1036,-1031,-1032,-1027,-1022,-1017,-1013,-1008,-1003,-999,-999,-994,-990,-985,-980,-976,-971,-713,-713,-713,-713,-713,-713,-713,-713,-713,-713,-713,-713,-713,-713,-713,-713,-713,-713,-713,-713,-713,-713,-713,-713,-713,-713,-713,-713,-713,-713,-713,-713,-713,-713,-713,-713,-713,-713,-713,-713,-713,-712,-712,-712,-712,-712,-712,-712,-713,-713,-713,-713,-713,-713,-713,-713,-713,-713,-713,-713,-713,-713,-713,-693,-673,-653,-633,-613,-593,-573,-553,-533,-513,-513,-493,-474,-454,-434,-414,-394,-374,-354,-335,-315,-295,-275,-255,-236,-216,-196,-176,-157,-137,-117,-97,-78,-58,-38,-19,0
-3655,-3655,-3656,-3656,-3656,-3657,-3657,-3658,-3658,-3658,-3659,-3659,-3659,-3660,-3660,-3660,-3661,-3661,-3662,-3662,-3662,-3663,-3663,-3663,-3664,-3664,-3665,-3665,-3665,-3666,-3666,-3666,-3667,-3667,-3668,-3668,-3668,-3669,-3669,-3669,-3670,-3670,-3670,-3671,-3671,-3672,-3672,-3672,-3673,-3673,-3673,-3674,-3674,-3675,-3675,-3675,-3676,-3676,-3676,-3665,-3665,-3666,-3666,-3655,-3655,-3655,-3656,-3645,-3645,-3645,-3646,-3646,-3646,-3647,-3647,-3648,-3648,-3648,-3649,-3649,-3649,-3650,-3650,-3651,-3651,-3651,-3652,-3652,-3652,-3653,-3653,-3654,-3654,-3654,-3655,-3655,-3647,-3647,-3648,-3648,-3648,-3649,-3638,-3628,-3629,-3629,-3629,-3630,-3630,-3631,-3631,-3631,-3632,-3632,-3632,-3633,-3633,-3634,-3634,-3634,-3635,-3635,-3624,-3624,-3625,-3614,-3614,-3615,-3615,-3604,-3605,-3595,-3595,-3596,-3585,-3585,-3586,-3586,-3587,-3587,-3587,-3588,-3588,-3588,-3589,-3589,-3590,-3590,-3580,-3569,-3569,-3570,-3570,-3571,-3560,-3560,-3561,-3561,-3561,-3562,-3562,-3563,-3563,-3563,-3564,-3564,-3564,-3565,-3565,-3556,-3556,-3557,-3557,-3558,-3558,-3558,-3559,-3559,-3559,-3560,-3560,-3561,-3550,-3551,-3551,-3552,-3552,-3552,-3553,-3553,-3543,-3543,-3544,-3544,-3544,-3545,-3545,-3546,-3546,-3535,-3536,-3536,-3537,-3526,-3516,-3505,-3494,-3495,-3495,-3495,-3496,-3496,-3486,-3476,-3466,-3466,-3466,-3456,-3446,-3436,-3437,-3437,-3437,-3438,-3429,-3429,-3419,-3420,-3409,-3399,-3400,-3400,-3400,-3390,-3391,-3391,-3391,-3392,-3392,-3393,-3393,-3393,-3394,-3383,-3383,-3384,-3373,-3374,-3374,-3364,-3364,-3365,-3354,-3354,-3355,-3355,-3355,-3345,-3336,-3325,-3326,-3326,-3316,-3316,-3316,-3317,-3317,-3317,-3318,-3318,-3319,-3319,-3319,-3320,-3320,-3320,-3321,-3310,-3311,-3311,-3301,-3301,-3301,-3302,-3302,-3303,-3292,-3282,-3272,-3272,-3262,-3262,-3262,-3263,-3263,-3263,-3264,-3255,-3255,-3255,-3245,-3246,-3246,-3246,-3247,-3237,-3237,-3227,-3227,-3228,-3218,-3219,-3219,-3219,-3220,-3220,-3221,-3221,-3221,-3222,-3211,-3212,-3212,-3212,-3202,-3203,-3203,-3203,-3193,-3193,-3185,-3176,-3176,-3177,-3177,-3167,-3157,-3148,-3138,-3139,-3139,-3129,-3129,-3119,-3109,-3109,-3100,-3100,-3101,-3101,-3101,-3091,-3092,-3092,-3092,-3093,-3083,-3083,-3083,-3084,-3075,-3075,-3065,-3066,-3066,-3066,-3056,-3056,-3057,-3047,-3036,-3037,-3026,-3027,-3017,-3006,-3007,-3007,-2997,-2997,-2998,-2998,-2988,-2978,-2978,-2968,-2958,-2948,-2937,-2927,-2928,-2917,-2907,-2907,-2908,-2908,-2908,-2909,-2909,-2899,-2899,-2889,-2890,-2890,-2880,-2880,-2880,-2871,-2871,-2871,-2872,-2872,-2872,-2873,-2862,-2852,-2853,-2842,-2843,-2833,-2833,-2833,-2834,-2834,-2824,-2824,-2824,-2825,-2815,-2815,-2808,-2804,-2805,-2805,-2805,-2806,-2796,-2796,-2786,-2775,-2765,-2755,-2755,-2756,-2756,-2746,-2736,-2736,-2726,-2726,-2727,-2727,-2717,-2717,-2718,-2708,-2697,-2687,-2677,-2667,-2657,-2647,-2637,-2627,-2617,-2618,-2618,-2608,-2608,-2598,-2599,-2589,-2579,-2569,-2559,-2549,-2550,-2540,-2540,-2530,-2520,-2521,-2521,-2521,-2522,-2522,-2512,-2503,-2503,-2493,-2494,-2494,-2484,-2485,-2475,-2475,-2466,-2456,-2456,-2447,-2447,-2191,-2192,-2186,-2181,-2182,-2182,-2177,-2172,-2172,-2173,-2173,-2173,-2168,-2163,-2164,-2159,-2154,-2155,-2151,-2151,-2147,-2148,-2143,-2143,-2138,-2134,-2130,-2130,-2131,-2131,-2127,-2127,-2128,-2128,-2128,-2124,-2119,-2114,-2109,-2104,-2099,-2100,-2100,-2100,-2095,-2096,-2096,-2097,-2092,-2087,-2082,-2077,-2077,-2077,-2078,-2078,-2073,-2068,-2064,-2064,-2064,-2059,-2060,-2060,-2055,-2050,-2051,-2046,-2046,-2041,-2042,-2042,-2043,-2043,-2038,-2033,-2029,-2029,-2029,-2025,-2020,-2015,-2011,-2011,-2006,-2002,-2002,-1997,-1998,-1993,-1988,-1988,-1989,-1989,-1985,-1986,-1986,-1981,-1977,-1972,-1972,-1968,-1968,-1968,-1964,-1964,-1964,-1960,-1961,-1956,-1952,-1952,-1948,-1944,-1939,-1934,-1929,-1925,-1920,-1915,-1910,-1911,-1906,-1901,-1896,-1892,-1887,-1887,-1882,-1883,-1878,-1874,-1869,-1865,-1865,-1865,-1861,-1856,-1851,-1847,-1842,-1838,-1833,-1829,-1824,-1819,-1819,-1820,-1815,-1810,-1806,-1803,-1798,-1793,-1794,-1794,-1789,-1789,-1785,-1785,-1780,-1780,-1781,-1776,-1776,-1777,-1772,-1767,-1762,-1758,-1753,-1753,-1753,-1749,-1744,-1739,-1735,-1735,-1730,-1730,-1725,-1721,-1721,-1716,-1711,-1711,-1707,-1707,-1702,-1703,-1698,-1694,-1689,-1684,-1685,-1681,-1677,-1677,-1673,-1668,-1669,-1664,-1665,-1660,-1655,-1650,-1646,-1641,-1641,-1636,-1637,-1637,-1638,-1638,-1633,-1633,-1629,-1626,-1621,-1616,-1611,-1606,-1601,-1596,-1597,-1592,-1587,-1582,-1583,-1578,-1574,-1574,-1569,-1570,-1565,-1560,-1556,-1551,-1547,-1542,-1537,-1533,-1533,-1528,-1524,-1525,-1520,-1515,-1515,-1516,-1516,-1516,-1512,-1512,-1507,-1508,-1508,-1503,-1499,-1499,-1494,-1489,-1485,-1481,-1477,-1472,-1468,-1463,-1463,-1458,-1459,-1459,-1459,-1460,-1455,-1450,-1445,-1441,-1436,-1431,-1426,-1421,-1417,-1412,-1408,-1408,-1408,-1404,-1400,-1395,-1391,-1386,-1386,-1382,-1377,-1373,-1368,-1363,-1359,-1360,-1360,-1356,-1351,-1347,-1342,-1337,-1333,-1328,-1323,-1319,-1314,-1315,-1315,-1310,-1311,-1311,-1306,-1301,-1302,-1302,-1297,-1293,-1288,-1283,-1279,-1274,-1269,-1264,-1259,-1255,-1250,-1245,-1245,-1241,-1236,-1236,-1231,-1226,-1221,-1217,-1212,-1207,-1202,-1197,-1192,-1187,-1187,-1182,-1183,-1178,-1173,-1173,-1168,-1166,-1166,-1162,-1158,-1153,-1153,-1148,-1143,-1138,-1133,-1128,-1123,-1124,-1119,-1114,-1109,-1104,-1099,-1094,-1089,-1084,-1079,-1080,-1075,-1070,-1065,-1060,-1061,-1056,-1051,-1046,-1047,-1042,-1037,-1032,-1028,-1023,-1018,-1013,-1014,-1009,-1004,-1000,-995,-990,-986,-732,-732,-732,-732,-732,-732,-732,-732,-732,-732,-732,-732,-732,-732,-732,-732,-732,-732,-732,-732,-732,-732,-732,-732,-732,-732,-732,-732,-732,-732,-732,-732,-732,-732,-732,-732,-732,-732,-732,-732,-732,-732,-732,-732,-732,-732,-732,-732,-732,-732,-732,-732,-732,-732,-732,-732,-732,-732,-732,-732,-732,-732,-712,-692,-672,-652,-632,-612,-592,-572,-552,-533,-513,-513,-493,-473,-453,-434,-414,-394,-374,-354,-334,-315,-295,-275,-255,-235,-216,-196,-176,-157,-137,-117,-97,-78,-58,-38,-19,0
-3663,-3663,-3663,-3664,-3664,-3664,-3665,-3665,-3666,-3666,-3666,-3667,-3667,-3667,-3668,-3668,-3669,-3669,-3669,-3670,-3670,-3671,-3671,-3671,-3672,-3672,-3672,-3673,-3673,-3674,-3674,-3674,-3675,-3675,-3675,-3676,-3676,-3677,-3677,-3677,-3678,-3678,-3678,-3679,-3679,-3680,-3680,-3680,-3681,-3681,-3682,-3682,-3682,-3683,-3683,-3683,-3684,-3684,-3685,-3673,-3674,-3674,-3674,-3663,-3663,-3664,-3664,-3656,-3656,-3657,-3657,-3657,-3658,-3658,-3659,-3659,-3659,-3660,-3660,-3660,-3661,-3661,-3662,-3662,-3662,-3663,-3663,-3663,-3664,-3664,-3665,-3665,-3665,-3666,-3666,-3666,-3656,-3656,-3657,-3657,-3657,-3658,-3648,-3637,-3637,-3638,-3638,-3638,-3639,-3639,-3639,-3640,-3640,-3641,-3641,-3641,-3642,-3642,-3643,-3643,-3643,-3644,-3633,-3633,-3633,-3623,-3623,-3623,-3624,-3614,-3615,-3604,-3604,-3605,-3594,-3595,-3595,-3596,-3596,-3596,-3597,-3597,-3598,-3598,-3598,-3599,-3599,-3599,-3589,-3578,-3578,-3579,-3579,-3580,-3570,-3571,-3571,-3572,-3572,-3572,-3573,-3573,-3573,-3574,-3574,-3575,-3575,-3575,-3576,-3565,-3566,-3566,-3567,-3567,-3567,-3568,-3568,-3569,-3569,-3569,-3570,-3570,-3560,-3560,-3561,-3561,-3561,-3562,-3562,-3563,-3552,-3552,-3553,-3553,-3554,-3554,-3554,-3555,-3555,-3544,-3545,-3545,-3545,-3535,-3525,-3514,-3503,-3504,-3504,-3505,-3505,-3505,-3495,-3485,-3475,-3475,-3476,-3465,-3456,-3447,-3447,-3447,-3448,-3448,-3438,-3439,-3428,-3429,-3419,-3409,-3409,-3410,-3410,-3399,-3400,-3400,-3400,-3401,-3401,-3402,-3402,-3402,-3403,-3392,-3393,-3393,-3383,-3383,-3383,-3373,-3373,-3374,-3363,-3364,-3364,-3365,-3365,-3355,-3345,-3334,-3335,-3335,-3325,-3325,-3325,-3326,-3326,-3327,-3327,-3327,-3328,-3328,-3328,-3329,-3329,-3330,-3330,-3320,-3320,-3320,-3310,-3310,-3311,-3311,-3311,-3312,-3301,-3291,-3281,-3281,-3272,-3272,-3273,-3273,-3274,-3274,-3274,-3264,-3264,-3265,-3255,-3255,-3256,-3256,-3256,-3246,-3247,-3237,-3238,-3238,-3227,-3228,-3228,-3229,-3229,-3229,-3230,-3230,-3231,-3231,-3221,-3221,-3221,-3222,-3212,-3212,-3212,-3213,-3204,-3204,-3196,-3186,-3186,-3186,-3187,-3177,-3168,-3158,-3148,-3148,-3149,-3138,-3139,-3128,-3119,-3120,-3109,-3110,-3110,-3110,-3111,-3101,-3101,-3102,-3102,-3102,-3093,-3093,-3094,-3094,-3084,-3085,-3075,-3075,-3075,-3076,-3065,-3066,-3066,-3056,-3046,-3046,-3036,-3036,-3026,-3016,-3016,-3016,-3006,-3007,-3007,-3007,-2997,-2987,-2988,-2978,-2967,-2957,-2947,-2936,-2937,-2927,-2916,-2917,-2917,-2917,-2918,-2918,-2919,-2908,-2909,-2898,-2899,-2899,-2889,-2890,-2890,-2880,-2880,-2881,-2881,-2881,-2882,-2882,-2872,-2862,-2862,-2852,-2852,-2842,-2842,-2843,-2843,-2843,-2833,-2833,-2834,-2834,-2827,-2827,-2824,-2814,-2814,-2814,-2815,-2815,-2805,-2805,-2795,-2785,-2775,-2764,-2765,-2765,-2766,-2755,-2745,-2746,-2735,-2736,-2736,-2737,-2726,-2727,-2727,-2717,-2707,-2697,-2687,-2677,-2667,-2657,-2647,-2637,-2627,-2627,-2628,-2618,-2618,-2608,-2608,-2599,-2589,-2579,-2569,-2559,-2559,-2549,-2550,-2540,-2530,-2531,-2531,-2531,-2532,-2532,-2522,-2513,-2513,-2503,-2504,-2504,-2494,-2495,-2485,-2485,-2476,-2466,-2466,-2457,-2457,-2206,-2206,-2201,-2196,-2196,-2197,-2192,-2186,-2187,-2187,-2188,-2188,-2183,-2178,-2179,-2174,-2170,-2171,-2167,-2167,-2162,-2163,-2158,-2158,-2154,-2149,-2145,-2146,-2146,-2146,-2142,-2142,-2143,-2143,-2143,-2138,-2134,-2129,-2124,-2119,-2114,-2114,-2115,-2115,-2110,-2110,-2111,-2111,-2106,-2101,-2096,-2092,-2092,-2092,-2093,-2093,-2088,-2083,-2078,-2079,-2079,-2074,-2074,-2075,-2070,-2065,-2066,-2061,-2061,-2056,-2056,-2057,-2057,-2058,-2053,-2048,-2044,-2044,-2044,-2040,-2035,-2030,-2025,-2026,-2021,-2016,-2017,-2012,-2012,-2008,-2004,-2004,-2005,-2005,-2000,-2001,-2001,-1996,-1992,-1987,-1987,-1982,-1983,-1983,-1979,-1980,-1980,-1975,-1976,-1971,-1967,-1968,-1964,-1959,-1954,-1949,-1944,-1940,-1935,-1930,-1925,-1925,-1921,-1916,-1911,-1907,-1902,-1902,-1897,-1898,-1893,-1889,-1884,-1879,-1880,-1880,-1875,-1871,-1866,-1862,-1857,-1853,-1848,-1843,-1839,-1834,-1834,-1834,-1830,-1825,-1822,-1818,-1813,-1808,-1808,-1809,-1804,-1804,-1799,-1800,-1795,-1795,-1796,-1791,-1791,-1791,-1787,-1782,-1777,-1772,-1768,-1768,-1768,-1764,-1759,-1754,-1749,-1750,-1745,-1745,-1740,-1735,-1736,-1731,-1726,-1726,-1722,-1722,-1718,-1718,-1713,-1709,-1704,-1701,-1701,-1696,-1692,-1693,-1688,-1684,-1684,-1679,-1680,-1675,-1670,-1665,-1660,-1656,-1656,-1651,-1652,-1652,-1652,-1653,-1648,-1649,-1645,-1640,-1636,-1631,-1626,-1621,-1616,-1611,-1612,-1607,-1602,-1597,-1597,-1593,-1589,-1589,-1584,-1585,-1580,-1575,-1571,-1566,-1562,-1557,-1552,-1547,-1548,-1544,-1539,-1539,-1535,-1530,-1530,-1531,-1531,-1531,-1527,-1527,-1522,-1523,-1523,-1518,-1513,-1514,-1509,-1504,-1500,-1496,-1491,-1487,-1482,-1478,-1478,-1473,-1473,-1474,-1474,-1475,-1470,-1465,-1460,-1455,-1451,-1446,-1441,-1436,-1432,-1427,-1423,-1424,-1424,-1419,-1415,-1410,-1406,-1401,-1401,-1397,-1392,-1388,-1383,-1379,-1375,-1375,-1375,-1371,-1366,-1362,-1357,-1352,-1348,-1343,-1339,-1334,-1329,-1329,-1330,-1325,-1325,-1326,-1321,-1316,-1317,-1317,-1313,-1308,-1303,-1298,-1293,-1289,-1284,-1279,-1274,-1269,-1265,-1260,-1260,-1255,-1251,-1251,-1246,-1241,-1236,-1231,-1226,-1221,-1216,-1212,-1207,-1202,-1202,-1197,-1197,-1192,-1187,-1188,-1186,-1186,-1182,-1178,-1173,-1167,-1168,-1163,-1158,-1153,-1148,-1143,-1138,-1138,-1133,-1128,-1123,-1119,-1114,-1109,-1104,-1099,-1094,-1094,-1090,-1085,-1080,-1075,-1075,-1071,-1066,-1061,-1061,-1057,-1052,-1047,-1043,-1038,-1033,-1028,-1029,-1024,-1019,-1015,-1010,-1005,-1001,-752,-752,-752,-752,-752,-752,-752,-752,-752,-752,-752,-752,-752,-752,-752,-752,-752,-752,-752,-752,-752,-752,-752,-752,-752,-752,-752,-752,-752,-752,-752,-752,-752,-752,-752,-752,-752,-752,-752,-752,-752,-752,-752,-752,-752,-752,-752,-752,-752,-752,-752,-752,-752,-752,-752,-752,-752,-752,-752,-752,-752,-732,-712,-692,-672,-652,-632,-612,-592,-572,-552,-532,-512,-513,-493,-473,-453,-433,-413,-394,-374,-354,-334,-314,-295,-275,-255,-235,-216,-196,-176,-156,-137,-117,-97,-78,-58,-38,-19,0
-3670,-3671,-3671,-3671,-3672,-3672,-3672,-3673,-3673,-3674,-3674,-3674,-3675,-3675,-3676,-3676,-3676,-3677,-3677,-3678,-3678,-3678,-3679,-3679,-3679,-3680,-3680,-3681,-3681,-3681,-3682,-3682,-3683,-3683,-3683,-3684,-3684,-3685,-3685,-3685,-3686,-3686,-3686,-3687,-3687,-3688,-3688,-3688,-3689,-3689,-3690,-3690,-3690,-3691,-3691,-3692,-3692,-3692,-3693,-3682,-3682,-3682,-3683,-3674,-3675,-3675,-3675,-3665,-3665,-3665,-3666,-3666,-3667,-3667,-3667,-3668,-3668,-3668,-3669,-3669,-3670,-3670,-3670,-3671,-3671,-3672,-3672,-3672,-3673,-3673,-3674,-3674,-3674,-3675,-3675,-3675,-3666,-3666,-3666,-3667,-3667,-3668,-3656,-3645,-3646,-3646,-3646,-3647,-3647,-3648,-3648,-3648,-3649,-3649,-3650,-3650,-3650,-3651,-3651,-3651,-3652,-3652,-3641,-3642,-3642,-3633,-3633,-3633,-3634,-3623,-3624,-3613,-3614,-3614,-3603,-3604,-3604,-3604,-3605,-3605,-3606,-3606,-3606,-3607,-3607,-3607,-3608,-3608,-3598,-3588,-3589,-3589,-3590,-3590,-3580,-3580,-3580,-3581,-3581,-3582,-3582,-3582,-3583,-3583,-3584,-3584,-3584,-3585,-3585,-3575,-3575,-3576,-3576,-3576,-3577,-3577,-3578,-3578,-3578,-3579,-3579,-3580,-3569,-3569,-3570,-3570,-3570,-3571,-3571,-3572,-3561,-3561,-3562,-3562,-3562,-3563,-3563,-3564,-3564,-3554,-3554,-3555,-3555,-3544,-3534,-3523,-3513,-3514,-3514,-3514,-3515,-3515,-3505,-3494,-3484,-3484,-3485,-3476,-3466,-3456,-3457,-3457,-3458,-3458,-3448,-3448,-3438,-3439,-3428,-3418,-3418,-3418,-3419,-3408,-3409,-3409,-3410,-3410,-3410,-3411,-3411,-3412,-3412,-3402,-3402,-3402,-3392,-3392,-3392,-3382,-3383,-3383,-3373,-3374,-3374,-3375,-3375,-3364,-3354,-3344,-3344,-3344,-3334,-3334,-3334,-3335,-3335,-3336,-3336,-3336,-3337,-3337,-3338,-3338,-3338,-3339,-3339,-3329,-3329,-3329,-3319,-3319,-3320,-3320,-3321,-3321,-3311,-3300,-3291,-3292,-3281,-3282,-3282,-3283,-3283,-3283,-3284,-3274,-3274,-3274,-3264,-3265,-3265,-3265,-3266,-3256,-3257,-3246,-3247,-3247,-3237,-3237,-3238,-3238,-3238,-3239,-3239,-3239,-3240,-3240,-3230,-3230,-3231,-3231,-3223,-3223,-3223,-3224,-3215,-3215,-3205,-3195,-3196,-3196,-3196,-3188,-3178,-3167,-3157,-3158,-3158,-3148,-3148,-3139,-3129,-3129,-3119,-3119,-3120,-3120,-3120,-3111,-3111,-3112,-3112,-3113,-3103,-3103,-3104,-3104,-3094,-3094,-3084,-3084,-3085,-3085,-3075,-3075,-3076,-3065,-3055,-3055,-3045,-3046,-3035,-3025,-3025,-3026,-3016,-3016,-3016,-3017,-3007,-2997,-2997,-2987,-2977,-2966,-2956,-2946,-2946,-2936,-2926,-2926,-2926,-2927,-2927,-2928,-2928,-2918,-2918,-2908,-2909,-2909,-2899,-2899,-2899,-2889,-2890,-2890,-2890,-2891,-2891,-2891,-2881,-2871,-2871,-2861,-2861,-2851,-2851,-2852,-2852,-2853,-2845,-2846,-2846,-2846,-2843,-2844,-2833,-2823,-2823,-2824,-2824,-2825,-2814,-2815,-2804,-2794,-2784,-2774,-2774,-2775,-2775,-2765,-2755,-2755,-2745,-2745,-2746,-2746,-2736,-2736,-2737,-2727,-2717,-2707,-2696,-2686,-2676,-2666,-2656,-2646,-2636,-2637,-2637,-2627,-2628,-2618,-2618,-2608,-2598,-2588,-2579,-2569,-2569,-2559,-2560,-2550,-2540,-2540,-2541,-2541,-2542,-2542,-2532,-2522,-2523,-2513,-2513,-2514,-2504,-2505,-2495,-2495,-2486,-2476,-2476,-2467,-2467,-2220,-2221,-2215,-2210,-2211,-2211,-2206,-2201,-2201,-2202,-2202,-2203,-2198,-2193,-2193,-2190,-2186,-2186,-2181,-2182,-2177,-2177,-2173,-2173,-2169,-2165,-2160,-2161,-2161,-2162,-2157,-2157,-2157,-2158,-2158,-2154,-2149,-2144,-2139,-2134,-2129,-2129,-2129,-2130,-2125,-2125,-2125,-2126,-2121,-2116,-2111,-2106,-2107,-2107,-2107,-2108,-2103,-2098,-2093,-2093,-2094,-2089,-2089,-2090,-2085,-2080,-2080,-2075,-2076,-2071,-2071,-2072,-2072,-2072,-2068,-2063,-2058,-2059,-2059,-2055,-2050,-2045,-2040,-2041,-2036,-2031,-2032,-2027,-2027,-2023,-2019,-2019,-2019,-2020,-2015,-2015,-2016,-2011,-2006,-2002,-2002,-1998,-1998,-1999,-1994,-1995,-1995,-1991,-1991,-1987,-1983,-1983,-1978,-1973,-1969,-1964,-1959,-1955,-1950,-1945,-1940,-1940,-1936,-1931,-1926,-1921,-1917,-1917,-1912,-1913,-1909,-1904,-1899,-1894,-1895,-1895,-1891,-1886,-1882,-1877,-1872,-1868,-1863,-1858,-1853,-1849,-1849,-1849,-1845,-1842,-1837,-1832,-1828,-1823,-1823,-1823,-1819,-1819,-1814,-1814,-1810,-1810,-1810,-1805,-1806,-1806,-1802,-1797,-1792,-1787,-1782,-1783,-1783,-1779,-1774,-1769,-1764,-1764,-1759,-1760,-1755,-1750,-1750,-1746,-1741,-1741,-1737,-1737,-1732,-1733,-1728,-1724,-1720,-1716,-1716,-1712,-1707,-1708,-1703,-1698,-1699,-1694,-1694,-1690,-1685,-1680,-1675,-1670,-1671,-1666,-1667,-1667,-1668,-1668,-1665,-1665,-1660,-1655,-1650,-1645,-1641,-1636,-1631,-1626,-1626,-1621,-1616,-1613,-1613,-1608,-1604,-1604,-1599,-1600,-1595,-1591,-1586,-1581,-1577,-1572,-1567,-1563,-1563,-1559,-1554,-1554,-1549,-1545,-1545,-1545,-1546,-1546,-1541,-1542,-1537,-1537,-1538,-1533,-1528,-1529,-1524,-1520,-1516,-1511,-1507,-1502,-1497,-1492,-1493,-1488,-1488,-1489,-1489,-1489,-1485,-1480,-1475,-1470,-1466,-1461,-1456,-1451,-1447,-1443,-1438,-1439,-1439,-1434,-1430,-1425,-1421,-1416,-1417,-1412,-1407,-1403,-1398,-1394,-1390,-1390,-1390,-1386,-1381,-1377,-1372,-1367,-1363,-1358,-1353,-1349,-1344,-1344,-1345,-1340,-1340,-1341,-1336,-1331,-1332,-1332,-1327,-1323,-1318,-1313,-1308,-1303,-1299,-1294,-1289,-1284,-1279,-1274,-1275,-1270,-1265,-1266,-1261,-1256,-1251,-1246,-1241,-1236,-1231,-1226,-1221,-1216,-1217,-1212,-1212,-1207,-1205,-1205,-1205,-1201,-1197,-1192,-1187,-1182,-1182,-1177,-1172,-1167,-1162,-1157,-1153,-1153,-1148,-1143,-1138,-1133,-1128,-1123,-1119,-1114,-1109,-1109,-1104,-1100,-1095,-1090,-1090,-1086,-1081,-1076,-1076,-1072,-1067,-1062,-1057,-1053,-1048,-1043,-1044,-1039,-1034,-1030,-1025,-1020,-1016,-772,-772,-772,-772,-772,-772,-772,-772,-772,-772,-772,-772,-772,-772,-772,-772,-772,-772,-772,-772,-772,-772,-772,-772,-772,-772,-772,-772,-772,-771,-771,-771,-771,-771,-771,-771,-771,-771,-771,-771,-771,-771,-771,-771,-771,-771,-771,-771,-772,-772,-772,-772,-772,-772,-771,-771,-771,-771,-771,-771,-751,-731,-711,-691,-671,-652,-632,-612,-592,-572,-552,-532,-512,-512,-493,-473,-453,-433,-413,-393,-374,-354,-334,-314,-294,-275,-255,-235,-215,-196,-176,-156,-137,-117,-97,-78,-58,-38,-19,0
-3678,-3678,-3679,-3679,-3680,-3680,-3680,-3681,-3681,-3682,-3682,-3682,-3683,-3683,-3684,-3684,-3684,-3685,-3685,-3686,-3686,-3686,-3687,-3687,-3688,-3688,-3688,-3689,-3689,-3690,-3690,-3690,-3691,-3691,-3692,-3692,-3692,-3693,-3693,-3694,-3694,-3694,-3695,-3695,-3696,-3696,-3696,-3697,-3697,-3698,-3698,-3698,-3699,-3699,-3700,-3700,-3700,-3701,-3701,-3693,-3693,-3693,-3694,-3683,-3683,-3684,-3684,-3674,-3674,-3675,-3675,-3676,-3676,-3676,-3677,-3677,-3678,-3678,-3678,-3679,-3679,-3680,-3680,-3680,-3681,-3681,-3682,-3682,-3682,-3683,-3683,-3684,-3684,-3684,-3685,-3685,-3674,-3674,-3675,-3675,-3676,-3676,-3665,-3654,-3654,-3655,-3655,-3655,-3656,-3656,-3657,-3657,-3657,-3658,-3658,-3659,-3659,-3659,-3660,-3660,-3661,-3661,-3651,-3652,-3652,-3642,-3642,-3642,-3643,-3633,-3633,-3622,-3622,-3623,-3612,-3612,-3613,-3613,-3614,-3614,-3614,-3615,-3615,-3616,-3616,-3616,-3617,-3617,-3608,-3598,-3598,-3598,-3599,-3599,-3589,-3589,-3590,-3590,-3590,-3591,-3591,-3592,-3592,-3592,-3593,-3593,-3594,-3594,-3594,-3584,-3584,-3584,-3585,-3585,-3586,-3586,-3586,-3587,-3587,-3588,-3588,-3588,-3578,-3578,-3578,-3579,-3579,-3580,-3580,-3580,-3570,-3571,-3571,-3571,-3572,-3572,-3573,-3573,-3573,-3563,-3563,-3563,-3564,-3553,-3543,-3533,-3523,-3523,-3523,-3524,-3524,-3525,-3514,-3504,-3494,-3495,-3495,-3486,-3476,-3466,-3466,-3466,-3467,-3467,-3457,-3458,-3448,-3448,-3437,-3427,-3427,-3428,-3428,-3418,-3418,-3418,-3419,-3419,-3420,-3420,-3420,-3421,-3421,-3410,-3411,-3411,-3401,-3402,-3402,-3392,-3393,-3393,-3382,-3383,-3383,-3384,-3384,-3374,-3363,-3353,-3353,-3353,-3343,-3343,-3344,-3344,-3344,-3345,-3345,-3346,-3346,-3346,-3347,-3347,-3348,-3348,-3348,-3338,-3338,-3339,-3328,-3329,-3329,-3330,-3330,-3330,-3320,-3311,-3301,-3301,-3291,-3291,-3292,-3292,-3292,-3293,-3293,-3283,-3283,-3284,-3274,-3275,-3275,-3276,-3276,-3266,-3266,-3256,-3256,-3256,-3246,-3246,-3247,-3247,-3248,-3248,-3248,-3249,-3249,-3250,-3241,-3241,-3242,-3242,-3233,-3234,-3234,-3234,-3225,-3225,-3215,-3206,-3206,-3207,-3207,-3197,-3187,-3177,-3167,-3167,-3167,-3158,-3158,-3148,-3138,-3138,-3129,-3129,-3130,-3130,-3131,-3121,-3121,-3122,-3122,-3122,-3112,-3113,-3113,-3113,-3103,-3103,-3093,-3094,-3094,-3094,-3084,-3085,-3085,-3075,-3064,-3065,-3055,-3055,-3045,-3034,-3035,-3035,-3025,-3026,-3026,-3026,-3016,-3006,-3007,-2996,-2986,-2976,-2965,-2955,-2956,-2945,-2935,-2935,-2936,-2936,-2937,-2937,-2937,-2927,-2928,-2917,-2918,-2918,-2908,-2908,-2909,-2898,-2899,-2899,-2900,-2900,-2900,-2901,-2891,-2880,-2881,-2870,-2871,-2863,-2864,-2864,-2864,-2865,-2862,-2862,-2862,-2863,-2852,-2853,-2843,-2832,-2833,-2833,-2833,-2834,-2824,-2824,-2814,-2804,-2793,-2783,-2784,-2784,-2784,-2774,-2764,-2764,-2754,-2755,-2755,-2756,-2745,-2746,-2746,-2736,-2726,-2716,-2706,-2696,-2686,-2676,-2666,-2656,-2646,-2646,-2647,-2637,-2637,-2627,-2628,-2618,-2608,-2598,-2588,-2578,-2579,-2569,-2569,-2560,-2550,-2550,-2551,-2551,-2551,-2552,-2542,-2532,-2533,-2523,-2523,-2524,-2514,-2514,-2505,-2505,-2496,-2486,-2486,-2477,-2477,-2235,-2235,-2230,-2225,-2225,-2226,-2221,-2216,-2216,-2217,-2217,-2218,-2213,-2209,-2210,-2206,-2201,-2201,-2196,-2196,-2192,-2192,-2188,-2189,-2185,-2180,-2175,-2175,-2176,-2176,-2172,-2172,-2172,-2173,-2173,-2168,-2163,-2158,-2153,-2148,-2143,-2143,-2144,-2144,-2139,-2140,-2140,-2140,-2135,-2131,-2126,-2121,-2121,-2122,-2122,-2122,-2117,-2112,-2108,-2108,-2108,-2104,-2104,-2104,-2099,-2095,-2095,-2090,-2090,-2086,-2086,-2087,-2087,-2087,-2083,-2078,-2073,-2074,-2074,-2069,-2065,-2060,-2055,-2056,-2051,-2046,-2047,-2043,-2043,-2038,-2033,-2034,-2034,-2035,-2030,-2030,-2031,-2026,-2021,-2017,-2018,-2013,-2014,-2014,-2009,-2010,-2010,-2006,-2007,-2002,-1998,-1998,-1993,-1988,-1983,-1979,-1974,-1969,-1964,-1960,-1955,-1955,-1950,-1946,-1941,-1936,-1932,-1932,-1928,-1928,-1923,-1919,-1914,-1909,-1910,-1910,-1906,-1901,-1896,-1892,-1887,-1883,-1878,-1873,-1868,-1864,-1864,-1865,-1861,-1857,-1852,-1847,-1842,-1837,-1838,-1838,-1833,-1834,-1829,-1829,-1824,-1825,-1825,-1820,-1821,-1821,-1816,-1812,-1807,-1802,-1797,-1798,-1798,-1793,-1788,-1784,-1779,-1779,-1774,-1774,-1770,-1765,-1765,-1760,-1756,-1756,-1752,-1752,-1748,-1748,-1743,-1740,-1735,-1731,-1732,-1727,-1722,-1723,-1718,-1713,-1714,-1709,-1709,-1704,-1700,-1695,-1690,-1686,-1686,-1683,-1683,-1683,-1684,-1684,-1679,-1680,-1675,-1670,-1665,-1660,-1655,-1650,-1646,-1641,-1641,-1636,-1632,-1627,-1628,-1623,-1618,-1619,-1614,-1615,-1610,-1606,-1601,-1596,-1591,-1587,-1583,-1578,-1578,-1573,-1569,-1569,-1564,-1559,-1560,-1560,-1561,-1561,-1556,-1557,-1552,-1552,-1553,-1548,-1543,-1543,-1539,-1535,-1531,-1526,-1522,-1517,-1512,-1507,-1507,-1503,-1503,-1503,-1504,-1504,-1499,-1495,-1490,-1485,-1480,-1475,-1471,-1466,-1462,-1458,-1453,-1454,-1454,-1450,-1445,-1440,-1436,-1431,-1431,-1427,-1422,-1418,-1414,-1409,-1405,-1405,-1406,-1401,-1396,-1392,-1387,-1382,-1378,-1373,-1368,-1363,-1359,-1359,-1359,-1355,-1355,-1355,-1351,-1346,-1347,-1347,-1342,-1337,-1333,-1328,-1323,-1318,-1313,-1309,-1304,-1299,-1294,-1289,-1290,-1285,-1280,-1280,-1276,-1271,-1266,-1261,-1256,-1251,-1246,-1241,-1236,-1231,-1231,-1226,-1227,-1225,-1225,-1225,-1221,-1217,-1212,-1207,-1202,-1197,-1197,-1192,-1187,-1182,-1177,-1172,-1167,-1168,-1163,-1158,-1153,-1148,-1143,-1138,-1133,-1128,-1124,-1124,-1119,-1114,-1109,-1105,-1105,-1100,-1096,-1091,-1091,-1086,-1082,-1077,-1072,-1068,-1063,-1058,-1059,-1054,-1049,-1045,-1040,-1035,-1031,-791,-791,-791,-791,-791,-791,-791,-791,-791,-791,-791,-791,-791,-791,-791,-791,-791,-791,-791,-791,-791,-791,-791,-791,-791,-791,-791,-791,-791,-791,-791,-791,-791,-791,-791,-791,-791,-791,-791,-791,-791,-791,-791,-791,-791,-791,-791,-791,-791,-791,-791,-791,-791,-791,-791,-791,-791,-791,-791,-771,-751,-731,-711,-691,-671,-651,-631,-611,-591,-571,-552,-532,-512,-512,-492,-473,-453,-433,-413,-393,-373,-354,-334,-314,-294,-275,-255,-235,-215,-196,-176,-156,-137,-117,-97,-78,-58,-38,-19,0
-3689,-3689,-3689,-3690,-3690,-3691,-3691,-3691,-3692,-3692,-3693,-3693,-3693,-3694,-3694,-3695,-3695,-3695,-3696,-3696,-3697,-3697,-3698,-3698,-3698,-3699,-3699,-3700,-3700,-3700,-3701,-3701,-3702,-3702,-3702,-3703,-3703,-3704,-3704,-3704,-3705,-3705,-3706,-3706,-3707,-3707,-3707,-3708,-3708,-3709,-3709,-3709,-3710,-3710,-3711,-3711,-3711,-3712,-3712,-3701,-3702,-3702,-3703,-3692,-3693,-3693,-3694,-3682,-3683,-3683,-3683,-3684,-3684,-3685,-3685,-3685,-3686,-3686,-3687,-3687,-3687,-3688,-3688,-3689,-3689,-3690,-3690,-3690,-3691,-3691,-3692,-3692,-3692,-3693,-3693,-3694,-3682,-3683,-3683,-3684,-3684,-3684,-3673,-3664,-3664,-3664,-3665,-3665,-3666,-3666,-3666,-3667,-3667,-3668,-3668,-3669,-3669,-3669,-3670,-3670,-3671,-3671,-3660,-3661,-3661,-3651,-3651,-3652,-3652,-3641,-3642,-3631,-3631,-3632,-3622,-3623,-3623,-3624,-3624,-3624,-3625,-3625,-3626,-3626,-3626,-3627,-3627,-3628,-3617,-3607,-3607,-3608,-3608,-3608,-3598,-3598,-3598,-3599,-3599,-3600,-3600,-3600,-3601,-3601,-3602,-3602,-3602,-3603,-3603,-3592,-3593,-3593,-3594,-3594,-3594,-3595,-3595,-3596,-3596,-3596,-3597,-3597,-3587,-3587,-3588,-3588,-3589,-3589,-3589,-3590,-3579,-3579,-3580,-3580,-3581,-3581,-3581,-3582,-3582,-3572,-3572,-3572,-3573,-3562,-3552,-3542,-3531,-3532,-3532,-3533,-3533,-3534,-3523,-3514,-3505,-3505,-3505,-3496,-3485,-3475,-3476,-3476,-3477,-3477,-3467,-3467,-3456,-3457,-3446,-3436,-3436,-3437,-3437,-3426,-3427,-3427,-3428,-3428,-3428,-3429,-3429,-3430,-3430,-3420,-3420,-3421,-3411,-3411,-3412,-3401,-3402,-3402,-3392,-3392,-3392,-3393,-3393,-3383,-3372,-3361,-3362,-3362,-3352,-3352,-3353,-3353,-3353,-3354,-3354,-3355,-3355,-3355,-3356,-3356,-3357,-3357,-3357,-3347,-3348,-3348,-3338,-3338,-3338,-3339,-3339,-3340,-3330,-3320,-3310,-3310,-3300,-3301,-3301,-3301,-3302,-3302,-3303,-3293,-3294,-3294,-3283,-3284,-3284,-3285,-3285,-3275,-3275,-3265,-3265,-3266,-3257,-3257,-3258,-3258,-3258,-3259,-3259,-3260,-3260,-3261,-3252,-3252,-3252,-3253,-3243,-3243,-3244,-3244,-3234,-3234,-3226,-3216,-3216,-3216,-3217,-3207,-3196,-3186,-3177,-3177,-3178,-3167,-3168,-3158,-3148,-3149,-3139,-3139,-3140,-3140,-3140,-3130,-3131,-3131,-3131,-3132,-3121,-3122,-3122,-3123,-3112,-3113,-3102,-3103,-3103,-3104,-3093,-3094,-3094,-3084,-3074,-3074,-3064,-3064,-3054,-3044,-3044,-3045,-3035,-3035,-3036,-3036,-3026,-3016,-3016,-3006,-2995,-2985,-2975,-2964,-2965,-2955,-2945,-2945,-2945,-2946,-2946,-2947,-2947,-2937,-2937,-2927,-2927,-2928,-2917,-2918,-2918,-2908,-2908,-2909,-2909,-2909,-2910,-2910,-2900,-2889,-2890,-2882,-2883,-2880,-2880,-2880,-2881,-2881,-2871,-2871,-2872,-2872,-2862,-2862,-2852,-2842,-2842,-2842,-2843,-2843,-2833,-2833,-2823,-2813,-2803,-2793,-2793,-2793,-2794,-2784,-2774,-2774,-2764,-2764,-2765,-2765,-2755,-2755,-2756,-2746,-2736,-2726,-2716,-2706,-2696,-2686,-2676,-2666,-2656,-2656,-2657,-2647,-2647,-2637,-2638,-2628,-2618,-2608,-2598,-2588,-2589,-2579,-2579,-2569,-2560,-2560,-2560,-2561,-2561,-2562,-2552,-2542,-2543,-2533,-2533,-2534,-2524,-2524,-2515,-2515,-2505,-2496,-2496,-2487,-2487,-2249,-2250,-2244,-2239,-2240,-2240,-2236,-2231,-2231,-2231,-2232,-2232,-2229,-2225,-2225,-2220,-2215,-2216,-2211,-2212,-2207,-2208,-2204,-2204,-2200,-2195,-2190,-2190,-2191,-2191,-2186,-2186,-2187,-2187,-2188,-2183,-2178,-2173,-2168,-2163,-2158,-2158,-2158,-2159,-2154,-2154,-2155,-2155,-2150,-2145,-2140,-2135,-2136,-2136,-2137,-2137,-2132,-2127,-2122,-2123,-2123,-2118,-2119,-2119,-2114,-2109,-2110,-2105,-2105,-2101,-2101,-2102,-2102,-2102,-2098,-2093,-2088,-2089,-2089,-2084,-2080,-2075,-2070,-2070,-2066,-2062,-2062,-2057,-2058,-2053,-2048,-2049,-2049,-2050,-2045,-2045,-2046,-2041,-2037,-2032,-2033,-2028,-2029,-2029,-2025,-2025,-2026,-2022,-2022,-2017,-2012,-2013,-2008,-2003,-1999,-1994,-1989,-1984,-1979,-1975,-1970,-1970,-1965,-1960,-1956,-1951,-1947,-1947,-1943,-1943,-1938,-1933,-1929,-1924,-1925,-1925,-1921,-1916,-1912,-1907,-1902,-1897,-1893,-1888,-1883,-1880,-1881,-1881,-1876,-1872,-1867,-1862,-1857,-1852,-1852,-1853,-1848,-1848,-1843,-1844,-1839,-1840,-1840,-1835,-1836,-1836,-1831,-1826,-1822,-1817,-1812,-1813,-1813,-1808,-1803,-1798,-1793,-1794,-1789,-1789,-1784,-1780,-1780,-1776,-1771,-1771,-1767,-1767,-1762,-1763,-1759,-1755,-1751,-1746,-1746,-1742,-1737,-1738,-1733,-1728,-1728,-1724,-1724,-1719,-1714,-1710,-1705,-1702,-1702,-1697,-1698,-1698,-1698,-1699,-1694,-1694,-1690,-1685,-1680,-1675,-1670,-1665,-1660,-1655,-1656,-1652,-1647,-1642,-1643,-1638,-1633,-1634,-1629,-1630,-1625,-1620,-1616,-1611,-1606,-1602,-1597,-1593,-1593,-1588,-1583,-1584,-1579,-1574,-1575,-1575,-1575,-1576,-1571,-1571,-1567,-1567,-1567,-1563,-1559,-1559,-1555,-1550,-1546,-1541,-1536,-1532,-1527,-1522,-1522,-1517,-1518,-1518,-1519,-1519,-1514,-1510,-1505,-1500,-1495,-1491,-1486,-1482,-1477,-1473,-1468,-1469,-1469,-1465,-1460,-1455,-1451,-1446,-1446,-1442,-1438,-1433,-1429,-1424,-1420,-1420,-1421,-1416,-1411,-1406,-1402,-1397,-1393,-1388,-1383,-1378,-1373,-1374,-1374,-1370,-1370,-1371,-1366,-1361,-1361,-1362,-1357,-1352,-1347,-1343,-1338,-1333,-1328,-1323,-1319,-1314,-1309,-1304,-1304,-1299,-1295,-1295,-1290,-1285,-1280,-1275,-1270,-1265,-1260,-1255,-1250,-1245,-1246,-1244,-1244,-1244,-1240,-1240,-1236,-1231,-1226,-1221,-1216,-1211,-1212,-1207,-1202,-1197,-1192,-1187,-1182,-1182,-1177,-1172,-1168,-1163,-1158,-1153,-1148,-1143,-1138,-1139,-1134,-1129,-1124,-1119,-1120,-1115,-1110,-1106,-1106,-1101,-1097,-1092,-1087,-1082,-1078,-1073,-1074,-1069,-1064,-1060,-1055,-1050,-1046,-811,-811,-811,-811,-811,-811,-811,-811,-811,-811,-811,-811,-811,-811,-811,-811,-811,-811,-811,-811,-811,-811,-811,-811,-811,-811,-811,-811,-811,-811,-811,-811,-811,-811,-811,-811,-811,-811,-810,-810,-810,-810,-810,-810,-810,-810,-810,-810,-811,-811,-811,-811,-811,-811,-811,-811,-811,-811,-791,-771,-751,-731,-711,-691,-671,-651,-631,-611,-591,-571,-551,-531,-512,-512,-492,-472,-452,-433,-413,-393,-373,-353,-334,-314,-294,-274,-255,-235,-215,-196,-176,-156,-137,-117,-97,-78,-58,-38,-19,0
-3697,-3697,-3697,-3698,-3698,-3699,-3699,-3699,-3700,-3700,-3701,-3701,-3702,-3702,-3702,-3703,-3703,-3704,-3704,-3705,-3705,-3705,-3706,-3706,-3707,-3707,-3707,-3708,-3708,-3709,-3709,-3710,-3710,-3710,-3711,-3711,-3712,-3712,-3713,-3713,-3713,-3714,-3714,-3715,-3715,-3715,-3716,-3716,-3717,-3717,-3718,-3718,-3718,-3719,-3719,-3720,-3720,-3720,-3721,-3711,-3711,-3712,-3712,-3700,-3701,-3701,-3702,-3690,-3691,-3691,-3691,-3692,-3692,-3693,-3693,-3694,-3694,-3694,-3695,-3695,-3696,-3696,-3696,-3697,-3697,-3698,-3698,-3699,-3699,-3699,-3700,-3700,-3701,-3701,-3702,-3702,-3691,-3691,-3692,-3692,-3693,-3693,-3683,-3672,-3673,-3673,-3674,-3674,-3674,-3675,-3675,-3676,-3676,-3677,-3677,-3677,-3678,-3678,-3679,-3679,-3679,-3680,-3670,-3670,-3670,-3659,-3660,-3660,-3661,-3650,-3650,-3641,-3641,-3642,-3631,-3632,-3632,-3633,-3633,-3633,-3634,-3634,-3635,-3635,-3636,-3636,-3636,-3637,-3626,-3615,-3616,-3616,-3617,-3617,-3606,-3606,-3607,-3607,-3608,-3608,-3608,-3609,-3609,-3610,-3610,-3611,-3611,-3611,-3612,-3601,-3602,-3602,-3603,-3603,-3604,-3604,-3604,-3605,-3605,-3606,-3606,-3606,-3596,-3596,-3596,-3597,-3597,-3598,-3598,-3598,-3588,-3588,-3589,-3589,-3589,-3590,-3590,-3591,-3591,-3580,-3581,-3581,-3582,-3572,-3562,-3551,-3541,-3541,-3542,-3542,-3542,-3543,-3534,-3524,-3514,-3515,-3515,-3505,-3495,-3485,-3485,-3486,-3486,-3486,-3476,-3476,-3466,-3466,-3455,-3445,-3445,-3446,-3446,-3436,-3436,-3437,-3437,-3437,-3438,-3438,-3439,-3439,-3439,-3430,-3430,-3431,-3420,-3420,-3421,-3410,-3411,-3411,-3401,-3401,-3401,-3402,-3402,-3392,-3381,-3370,-3371,-3371,-3361,-3361,-3362,-3362,-3363,-3363,-3363,-3364,-3364,-3365,-3365,-3366,-3366,-3366,-3367,-3356,-3357,-3357,-3348,-3348,-3349,-3349,-3350,-3350,-3340,-3330,-3319,-3320,-3310,-3311,-3311,-3312,-3312,-3312,-3313,-3302,-3303,-3303,-3293,-3293,-3293,-3294,-3294,-3284,-3284,-3276,-3276,-3276,-3267,-3268,-3268,-3269,-3269,-3269,-3270,-3270,-3271,-3271,-3261,-3262,-3262,-3262,-3252,-3253,-3253,-3253,-3245,-3245,-3235,-3225,-3225,-3226,-3226,-3216,-3206,-3196,-3186,-3186,-3187,-3177,-3177,-3168,-3158,-3158,-3148,-3148,-3149,-3149,-3150,-3139,-3140,-3140,-3141,-3141,-3131,-3131,-3132,-3132,-3122,-3122,-3112,-3112,-3113,-3113,-3103,-3103,-3104,-3093,-3083,-3083,-3073,-3074,-3064,-3053,-3054,-3054,-3044,-3045,-3045,-3045,-3035,-3025,-3025,-3015,-3005,-2994,-2984,-2974,-2974,-2964,-2954,-2954,-2955,-2955,-2955,-2956,-2956,-2946,-2946,-2936,-2936,-2937,-2926,-2927,-2927,-2917,-2917,-2918,-2918,-2919,-2919,-2919,-2909,-2902,-2902,-2899,-2899,-2889,-2889,-2890,-2890,-2890,-2880,-2880,-2881,-2881,-2871,-2871,-2861,-2851,-2851,-2852,-2852,-2853,-2842,-2843,-2833,-2822,-2812,-2802,-2802,-2803,-2803,-2793,-2783,-2783,-2773,-2774,-2774,-2775,-2764,-2765,-2765,-2755,-2745,-2735,-2725,-2715,-2705,-2695,-2685,-2675,-2665,-2666,-2666,-2656,-2657,-2647,-2647,-2637,-2627,-2618,-2608,-2598,-2598,-2589,-2589,-2579,-2569,-2570,-2570,-2571,-2571,-2571,-2562,-2552,-2552,-2543,-2543,-2544,-2534,-2534,-2525,-2525,-2515,-2506,-2506,-2497,-2497,-2264,-2264,-2259,-2254,-2255,-2255,-2250,-2247,-2247,-2247,-2248,-2248,-2244,-2239,-2240,-2235,-2230,-2231,-2227,-2227,-2223,-2223,-2219,-2219,-2214,-2209,-2204,-2205,-2205,-2206,-2201,-2201,-2201,-2202,-2202,-2197,-2192,-2187,-2182,-2177,-2172,-2173,-2173,-2173,-2169,-2169,-2170,-2170,-2165,-2160,-2155,-2150,-2150,-2151,-2151,-2151,-2147,-2142,-2137,-2137,-2138,-2133,-2133,-2134,-2129,-2124,-2125,-2120,-2120,-2116,-2116,-2116,-2117,-2117,-2113,-2108,-2103,-2103,-2104,-2099,-2094,-2090,-2085,-2085,-2081,-2077,-2077,-2072,-2073,-2068,-2063,-2063,-2064,-2064,-2060,-2060,-2060,-2056,-2052,-2047,-2048,-2044,-2044,-2044,-2040,-2041,-2041,-2036,-2037,-2032,-2027,-2027,-2023,-2018,-2013,-2008,-2003,-1999,-1994,-1989,-1984,-1985,-1980,-1975,-1971,-1966,-1962,-1962,-1957,-1958,-1953,-1949,-1944,-1939,-1940,-1940,-1936,-1931,-1927,-1922,-1917,-1912,-1907,-1903,-1900,-1895,-1896,-1896,-1891,-1886,-1881,-1877,-1872,-1867,-1867,-1868,-1863,-1863,-1858,-1859,-1854,-1854,-1855,-1850,-1850,-1851,-1846,-1841,-1836,-1832,-1827,-1827,-1828,-1823,-1818,-1813,-1808,-1808,-1803,-1804,-1799,-1795,-1795,-1790,-1786,-1786,-1782,-1782,-1779,-1779,-1774,-1770,-1766,-1761,-1762,-1757,-1752,-1752,-1748,-1743,-1743,-1738,-1739,-1734,-1729,-1725,-1721,-1716,-1717,-1712,-1712,-1713,-1713,-1714,-1709,-1709,-1704,-1699,-1694,-1690,-1685,-1680,-1675,-1671,-1671,-1667,-1662,-1657,-1658,-1653,-1649,-1649,-1644,-1645,-1640,-1635,-1631,-1626,-1622,-1617,-1612,-1607,-1608,-1603,-1598,-1599,-1594,-1589,-1589,-1590,-1590,-1591,-1586,-1586,-1581,-1582,-1582,-1578,-1574,-1575,-1570,-1566,-1561,-1556,-1551,-1546,-1541,-1537,-1537,-1532,-1533,-1533,-1533,-1534,-1529,-1524,-1519,-1515,-1510,-1506,-1502,-1497,-1492,-1488,-1483,-1484,-1484,-1479,-1475,-1470,-1466,-1461,-1461,-1457,-1453,-1448,-1444,-1439,-1435,-1435,-1435,-1431,-1426,-1421,-1417,-1412,-1407,-1403,-1398,-1393,-1389,-1389,-1389,-1385,-1385,-1385,-1381,-1376,-1376,-1377,-1372,-1367,-1362,-1357,-1353,-1348,-1343,-1338,-1333,-1329,-1324,-1319,-1319,-1314,-1309,-1310,-1305,-1300,-1295,-1290,-1285,-1280,-1275,-1270,-1265,-1263,-1263,-1263,-1264,-1260,-1256,-1256,-1251,-1246,-1241,-1236,-1231,-1226,-1226,-1221,-1216,-1211,-1206,-1201,-1196,-1197,-1192,-1187,-1182,-1177,-1172,-1168,-1163,-1158,-1153,-1153,-1149,-1144,-1139,-1134,-1135,-1130,-1125,-1120,-1121,-1116,-1111,-1107,-1102,-1097,-1093,-1088,-1088,-1084,-1079,-1075,-1070,-1065,-1061,-830,-830,-830,-830,-830,-830,-830,-830,-830,-830,-830,-830,-830,-830,-830,-830,-830,-830,-830,-830,-830,-830,-830,-830,-830,-830,-830,-830,-830,-830,-830,-830,-830,-830,-830,-830,-830,-830,-830,-830,-830,-830,-830,-830,-830,-830,-830,-830,-830,-830,-830,-830,-830,-830,-830,-830,-830,-810,-790,-770,-750,-730,-710,-690,-670,-650,-631,-611,-591,-571,-551,-531,-511,-512,-492,-472,-452,-432,-413,-393,-373,-353,-333,-314,-294,-274,-255,-235,-215,-195,-176,-156,-136,-117,-97,-78,-58,-38,-19,0
-3705,-3706,-3706,-3707,-3707,-3708,-3708,-3708,-3709,-3709,-3710,-3710,-3711,-3711,-3711,-3712,-3712,-3713,-3713,-3714,-3714,-3714,-3715,-3715,-3716,-3716,-3717,-3717,-3717,-3718,-3718,-3719,-3719,-3720,-3720,-3720,-3721,-3721,-3722,-3722,-3723,-3723,-3723,-3724,-3724,-3725,-3725,-3726,-3726,-3726,-3727,-3727,-3728,-3728,-3729,-3729,-3729,-3730,-3730,-3719,-3719,-3720,-3720,-3708,-3709,-3709,-3710,-3698,-3699,-3699,-3700,-3700,-3701,-3701,-3701,-3702,-3702,-3703,-3703,-3704,-3704,-3704,-3705,-3705,-3706,-3706,-3707,-3707,-3708,-3708,-3708,-3709,-3709,-3710,-3710,-3711,-3701,-3701,-3701,-3702,-3702,-3703,-3692,-3681,-3682,-3682,-3683,-3683,-3684,-3684,-3684,-3685,-3685,-3686,-3686,-3687,-3687,-3687,-3688,-3688,-3689,-3689,-3678,-3679,-3679,-3668,-3669,-3669,-3670,-3660,-3661,-3650,-3651,-3651,-3640,-3641,-3641,-3642,-3642,-3642,-3643,-3643,-3644,-3644,-3645,-3645,-3646,-3646,-3635,-3624,-3624,-3625,-3625,-3626,-3615,-3615,-3616,-3616,-3617,-3617,-3618,-3618,-3618,-3619,-3619,-3620,-3620,-3621,-3621,-3610,-3610,-3611,-3611,-3612,-3612,-3613,-3613,-3613,-3614,-3614,-3615,-3615,-3604,-3605,-3605,-3606,-3606,-3606,-3607,-3607,-3597,-3597,-3597,-3598,-3598,-3599,-3599,-3600,-3600,-3590,-3591,-3591,-3591,-3581,-3571,-3560,-3551,-3551,-3552,-3552,-3553,-3553,-3544,-3534,-3524,-3524,-3524,-3514,-3504,-3494,-3494,-3494,-3495,-3495,-3485,-3485,-3475,-3475,-3464,-3454,-3454,-3455,-3455,-3445,-3446,-3446,-3447,-3447,-3448,-3448,-3448,-3449,-3449,-3439,-3439,-3439,-3429,-3430,-3430,-3419,-3420,-3420,-3410,-3410,-3410,-3411,-3411,-3401,-3390,-3380,-3380,-3380,-3370,-3370,-3371,-3371,-3372,-3372,-3372,-3373,-3373,-3374,-3374,-3375,-3375,-3375,-3376,-3367,-3367,-3367,-3357,-3358,-3358,-3358,-3359,-3359,-3349,-3339,-3329,-3330,-3319,-3320,-3320,-3320,-3321,-3321,-3322,-3311,-3312,-3312,-3302,-3302,-3303,-3303,-3303,-3295,-3295,-3286,-3286,-3287,-3277,-3277,-3278,-3278,-3279,-3279,-3280,-3280,-3280,-3281,-3271,-3271,-3271,-3272,-3263,-3263,-3264,-3264,-3254,-3255,-3245,-3234,-3235,-3235,-3236,-3225,-3216,-3206,-3196,-3196,-3196,-3187,-3187,-3178,-3167,-3168,-3157,-3158,-3158,-3158,-3159,-3149,-3149,-3149,-3150,-3150,-3140,-3140,-3141,-3141,-3131,-3131,-3121,-3121,-3122,-3122,-3112,-3112,-3113,-3103,-3092,-3093,-3083,-3083,-3073,-3063,-3063,-3064,-3053,-3054,-3054,-3055,-3044,-3034,-3034,-3024,-3014,-3004,-2993,-2983,-2984,-2973,-2963,-2963,-2964,-2964,-2965,-2965,-2965,-2955,-2956,-2945,-2946,-2946,-2936,-2936,-2936,-2926,-2926,-2927,-2927,-2928,-2928,-2929,-2921,-2918,-2918,-2908,-2908,-2898,-2898,-2899,-2899,-2900,-2889,-2890,-2890,-2891,-2880,-2881,-2870,-2860,-2861,-2861,-2861,-2862,-2852,-2852,-2842,-2832,-2822,-2811,-2812,-2812,-2813,-2803,-2792,-2793,-2783,-2783,-2784,-2784,-2774,-2774,-2775,-2765,-2755,-2745,-2735,-2725,-2715,-2705,-2695,-2685,-2675,-2675,-2676,-2666,-2666,-2656,-2657,-2647,-2637,-2627,-2617,-2608,-2608,-2598,-2599,-2589,-2579,-2580,-2580,-2580,-2581,-2581,-2572,-2562,-2562,-2553,-2553,-2553,-2544,-2544,-2535,-2535,-2525,-2516,-2516,-2507,-2507,-2278,-2279,-2274,-2269,-2269,-2270,-2266,-2262,-2263,-2263,-2263,-2264,-2259,-2254,-2254,-2250,-2246,-2246,-2242,-2242,-2238,-2238,-2233,-2234,-2229,-2224,-2219,-2219,-2220,-2220,-2215,-2216,-2216,-2216,-2217,-2212,-2207,-2202,-2197,-2192,-2187,-2187,-2188,-2188,-2183,-2184,-2184,-2185,-2179,-2174,-2169,-2165,-2165,-2165,-2166,-2166,-2162,-2157,-2152,-2152,-2152,-2147,-2148,-2148,-2144,-2139,-2139,-2135,-2135,-2130,-2131,-2131,-2132,-2132,-2127,-2123,-2118,-2118,-2119,-2114,-2109,-2104,-2101,-2101,-2096,-2091,-2092,-2087,-2087,-2083,-2078,-2078,-2079,-2079,-2075,-2075,-2076,-2071,-2067,-2063,-2063,-2059,-2059,-2060,-2055,-2055,-2056,-2051,-2051,-2047,-2042,-2042,-2038,-2033,-2028,-2023,-2018,-2014,-2009,-2004,-1999,-2000,-1995,-1990,-1986,-1981,-1976,-1977,-1972,-1973,-1968,-1963,-1959,-1954,-1955,-1955,-1951,-1946,-1941,-1936,-1932,-1927,-1922,-1919,-1915,-1910,-1910,-1911,-1906,-1901,-1896,-1891,-1886,-1881,-1882,-1882,-1878,-1878,-1873,-1873,-1869,-1869,-1869,-1865,-1865,-1866,-1861,-1856,-1851,-1846,-1841,-1842,-1842,-1837,-1832,-1827,-1823,-1823,-1818,-1819,-1814,-1810,-1810,-1806,-1801,-1801,-1798,-1798,-1794,-1794,-1790,-1785,-1781,-1776,-1776,-1772,-1767,-1767,-1762,-1758,-1758,-1753,-1754,-1749,-1744,-1741,-1736,-1731,-1731,-1727,-1727,-1727,-1728,-1728,-1723,-1724,-1719,-1714,-1709,-1704,-1699,-1694,-1690,-1686,-1686,-1681,-1677,-1672,-1672,-1668,-1663,-1664,-1659,-1660,-1655,-1650,-1645,-1641,-1637,-1632,-1627,-1622,-1623,-1618,-1613,-1613,-1608,-1604,-1604,-1604,-1605,-1605,-1601,-1601,-1597,-1597,-1598,-1594,-1589,-1589,-1585,-1580,-1576,-1571,-1566,-1561,-1556,-1551,-1552,-1547,-1547,-1548,-1548,-1549,-1544,-1539,-1534,-1530,-1525,-1521,-1517,-1512,-1507,-1503,-1498,-1499,-1499,-1494,-1490,-1485,-1481,-1476,-1477,-1473,-1468,-1464,-1459,-1454,-1449,-1450,-1450,-1446,-1441,-1436,-1432,-1427,-1422,-1417,-1413,-1408,-1403,-1404,-1404,-1399,-1400,-1400,-1395,-1391,-1391,-1391,-1387,-1382,-1377,-1372,-1367,-1363,-1358,-1353,-1348,-1343,-1338,-1333,-1334,-1329,-1324,-1324,-1319,-1314,-1309,-1304,-1300,-1295,-1289,-1284,-1283,-1282,-1283,-1279,-1279,-1275,-1270,-1270,-1265,-1260,-1255,-1250,-1245,-1240,-1241,-1236,-1231,-1226,-1221,-1216,-1211,-1212,-1207,-1202,-1197,-1192,-1187,-1182,-1177,-1173,-1168,-1168,-1163,-1159,-1154,-1149,-1150,-1145,-1140,-1135,-1136,-1131,-1126,-1122,-1117,-1112,-1108,-1103,-1103,-1099,-1094,-1090,-1085,-1080,-1076,-850,-850,-850,-850,-850,-850,-850,-850,-850,-850,-850,-850,-850,-850,-850,-850,-850,-850,-850,-850,-850,-850,-850,-850,-850,-850,-850,-850,-850,-850,-850,-850,-850,-850,-850,-850,-850,-850,-850,-850,-850,-850,-850,-850,-849,-849,-849,-849,-850,-850,-850,-850,-850,-850,-850,-850,-830,-810,-790,-770,-750,-730,-710,-690,-670,-650,-630,-610,-590,-571,-551,-531,-511,-511,-492,-472,-452,-432,-412,-393,-373,-353,-333,-314,-294,-274,-254,-235,-215,-195,-176,-156,-136,-117,-97,-77,-58,-38,-19,0
-3713,-3713,-3714,-3714,-3715,-3715,-3715,-3716,-3716,-3717,-3717,-3718,-3718,-3718,-3719,-3719,-3720,-3720,-3721,-3721,-3722,-3722,-3722,-3723,-3723,-3724,-3724,-3725,-3725,-3726,-3726,-3726,-3727,-3727,-3728,-3728,-3729,-3729,-3729,-3730,-3730,-3731,-3731,-3732,-3732,-3733,-3733,-3733,-3734,-3734,-3735,-3735,-3736,-3736,-3737,-3737,-3737,-3738,-3738,-3727,-3727,-3728,-3728,-3717,-3717,-3718,-3718,-3708,-3708,-3709,-3709,-3710,-3710,-3711,-3711,-3711,-3712,-3712,-3713,-3713,-3714,-3714,-3714,-3715,-3715,-3716,-3716,-3717,-3717,-3718,-3718,-3718,-3719,-3719,-3720,-3720,-3709,-3710,-3710,-3711,-3711,-3711,-3701,-3690,-3690,-3691,-3691,-3692,-3692,-3692,-3693,-3693,-3694,-3694,-3695,-3695,-3696,-3696,-3696,-3697,-3697,-3698,-3687,-3687,-3688,-3678,-3679,-3679,-3680,-3669,-3670,-3659,-3659,-3660,-3649,-3649,-3650,-3650,-3651,-3651,-3651,-3652,-3652,-3653,-3653,-3654,-3654,-3655,-3643,-3633,-3633,-3634,-3634,-3635,-3623,-3624,-3624,-3625,-3625,-3626,-3626,-3626,-3627,-3627,-3628,-3628,-3629,-3629,-3630,-3619,-3619,-3619,-3620,-3620,-3621,-3621,-3622,-3622,-3623,-3623,-3623,-3624,-3613,-3614,-3614,-3614,-3615,-3615,-3616,-3616,-3606,-3607,-3607,-3608,-3608,-3608,-3609,-3609,-3610,-3599,-3600,-3600,-3601,-3590,-3580,-3571,-3561,-3562,-3562,-3562,-3563,-3563,-3554,-3543,-3533,-3534,-3534,-3524,-3513,-3503,-3503,-3503,-3504,-3504,-3494,-3494,-3483,-3484,-3474,-3464,-3464,-3465,-3465,-3454,-3455,-3455,-3456,-3456,-3456,-3457,-3457,-3458,-3458,-3448,-3448,-3449,-3438,-3438,-3439,-3428,-3429,-3429,-3418,-3419,-3419,-3420,-3420,-3410,-3399,-3389,-3389,-3389,-3380,-3380,-3381,-3381,-3382,-3382,-3383,-3383,-3384,-3384,-3384,-3385,-3385,-3386,-3386,-3376,-3376,-3377,-3367,-3367,-3367,-3368,-3368,-3369,-3359,-3349,-3338,-3339,-3328,-3329,-3329,-3330,-3330,-3330,-3331,-3320,-3321,-3321,-3313,-3313,-3313,-3314,-3314,-3305,-3306,-3296,-3296,-3296,-3286,-3287,-3287,-3287,-3288,-3288,-3289,-3289,-3290,-3290,-3281,-3282,-3282,-3283,-3273,-3273,-3274,-3274,-3264,-3264,-3254,-3243,-3244,-3244,-3245,-3235,-3225,-3215,-3206,-3206,-3207,-3197,-3197,-3187,-3176,-3177,-3166,-3167,-3167,-3168,-3168,-3158,-3158,-3159,-3159,-3159,-3149,-3150,-3150,-3150,-3140,-3141,-3130,-3131,-3131,-3132,-3121,-3122,-3122,-3112,-3102,-3102,-3092,-3093,-3082,-3072,-3072,-3073,-3063,-3063,-3063,-3064,-3054,-3043,-3044,-3033,-3023,-3013,-3003,-2992,-2993,-2982,-2972,-2972,-2973,-2973,-2974,-2974,-2975,-2964,-2965,-2954,-2955,-2955,-2945,-2945,-2946,-2938,-2939,-2939,-2939,-2940,-2940,-2941,-2937,-2927,-2927,-2917,-2917,-2907,-2908,-2908,-2908,-2909,-2899,-2899,-2899,-2900,-2890,-2890,-2880,-2869,-2870,-2870,-2871,-2871,-2861,-2861,-2851,-2841,-2831,-2821,-2821,-2822,-2822,-2812,-2802,-2802,-2792,-2793,-2793,-2794,-2783,-2784,-2784,-2774,-2764,-2754,-2744,-2734,-2724,-2714,-2704,-2695,-2685,-2685,-2685,-2676,-2676,-2666,-2667,-2657,-2647,-2637,-2627,-2617,-2618,-2608,-2608,-2599,-2589,-2589,-2590,-2590,-2591,-2591,-2581,-2572,-2572,-2562,-2563,-2563,-2554,-2554,-2545,-2545,-2535,-2526,-2526,-2517,-2517,-2293,-2293,-2288,-2285,-2285,-2286,-2282,-2277,-2277,-2278,-2278,-2278,-2274,-2269,-2269,-2265,-2261,-2262,-2257,-2257,-2252,-2253,-2248,-2249,-2244,-2238,-2233,-2234,-2234,-2235,-2230,-2230,-2231,-2231,-2231,-2226,-2221,-2216,-2211,-2207,-2201,-2202,-2202,-2203,-2198,-2198,-2199,-2199,-2194,-2189,-2184,-2179,-2180,-2180,-2181,-2181,-2176,-2171,-2166,-2167,-2167,-2162,-2163,-2163,-2159,-2154,-2154,-2149,-2150,-2145,-2146,-2146,-2146,-2147,-2142,-2137,-2133,-2133,-2134,-2129,-2124,-2120,-2115,-2116,-2111,-2106,-2107,-2102,-2102,-2097,-2093,-2094,-2094,-2095,-2090,-2091,-2091,-2087,-2082,-2078,-2079,-2074,-2074,-2075,-2070,-2070,-2071,-2066,-2066,-2061,-2057,-2057,-2052,-2048,-2043,-2038,-2033,-2028,-2024,-2019,-2014,-2014,-2010,-2006,-2001,-1996,-1991,-1992,-1987,-1988,-1983,-1979,-1974,-1969,-1970,-1970,-1966,-1961,-1956,-1951,-1946,-1942,-1939,-1934,-1929,-1925,-1925,-1925,-1921,-1916,-1911,-1906,-1901,-1896,-1897,-1897,-1892,-1893,-1888,-1888,-1883,-1884,-1884,-1879,-1880,-1880,-1876,-1871,-1866,-1861,-1856,-1856,-1857,-1852,-1847,-1842,-1837,-1838,-1833,-1834,-1829,-1825,-1825,-1820,-1817,-1817,-1813,-1813,-1809,-1809,-1805,-1800,-1795,-1791,-1791,-1786,-1781,-1782,-1777,-1772,-1773,-1768,-1768,-1764,-1760,-1756,-1751,-1746,-1746,-1741,-1742,-1742,-1743,-1743,-1738,-1739,-1734,-1729,-1724,-1719,-1714,-1710,-1705,-1701,-1701,-1696,-1692,-1687,-1688,-1683,-1678,-1679,-1674,-1674,-1670,-1665,-1661,-1656,-1651,-1646,-1642,-1637,-1637,-1632,-1628,-1628,-1623,-1618,-1619,-1619,-1620,-1620,-1616,-1616,-1612,-1613,-1613,-1608,-1604,-1605,-1600,-1595,-1590,-1585,-1581,-1576,-1571,-1566,-1566,-1562,-1562,-1563,-1563,-1563,-1559,-1554,-1549,-1545,-1541,-1536,-1532,-1527,-1522,-1518,-1513,-1514,-1514,-1509,-1505,-1500,-1496,-1492,-1492,-1487,-1483,-1478,-1474,-1469,-1464,-1465,-1465,-1460,-1456,-1451,-1447,-1442,-1437,-1432,-1428,-1423,-1418,-1418,-1419,-1414,-1414,-1415,-1410,-1405,-1406,-1406,-1401,-1396,-1392,-1387,-1382,-1377,-1372,-1368,-1363,-1358,-1353,-1348,-1348,-1344,-1339,-1339,-1334,-1329,-1324,-1319,-1314,-1309,-1304,-1302,-1302,-1298,-1298,-1294,-1295,-1290,-1285,-1285,-1280,-1275,-1270,-1265,-1260,-1255,-1255,-1250,-1245,-1241,-1236,-1231,-1226,-1226,-1221,-1216,-1212,-1207,-1202,-1197,-1192,-1187,-1183,-1183,-1178,-1173,-1169,-1164,-1164,-1160,-1155,-1150,-1151,-1146,-1141,-1137,-1132,-1127,-1123,-1118,-1118,-1114,-1109,-1105,-1100,-1095,-1091,-870,-870,-870,-870,-870,-870,-870,-870,-870,-870,-870,-870,-870,-870,-869,-869,-869,-869,-869,-869,-869,-869,-869,-869,-869,-869,-869,-869,-869,-869,-869,-869,-869,-869,-869,-869,-869,-869,-869,-869,-869,-869,-869,-869,-869,-869,-869,-869,-869,-869,-869,-869,-869,-869,-869,-849,-829,-809,-789,-769,-749,-729,-710,-690,-670,-650,-630,-610,-590,-570,-550,-531,-511,-511,-491,-471,-452,-432,-412,-392,-373,-353,-333,-313,-294,-274,-254,-235,-215,-195,-176,-156,-136,-117,-97,-77,-58,-38,-19,0
-3720,-3721,-3721,-3722,-3722,-3722,-3723,-3723,-3724,-3724,-3725,-3725,-3726,-3726,-3726,-3727,-3727,-3728,-3728,-3729,-3729,-3730,-3730,-3731,-3731,-3731,-3732,-3732,-3733,-3733,-3734,-3734,-3735,-3735,-3735,-3736,-3736,-3737,-3737,-3738,-3738,-3739,-3739,-3740,-3740,-3740,-3741,-3741,-3742,-3742,-3743,-3743,-3744,-3744,-3744,-3745,-3745,-3746,-3746,-3735,-3735,-3736,-3736,-3726,-3727,-3727,-3727,-3716,-3717,-3717,-3718,-3718,-3718,-3719,-3719,-3720,-3720,-3721,-3721,-3722,-3722,-3723,-3723,-3723,-3724,-3724,-3725,-3725,-3726,-3726,-3727,-3727,-3727,-3728,-3728,-3729,-3718,-3719,-3719,-3720,-3720,-3721,-3709,-3698,-3699,-3699,-3700,-3700,-3701,-3701,-3702,-3702,-3702,-3703,-3703,-3704,-3704,-3705,-3705,-3706,-3706,-3706,-3697,-3698,-3698,-3687,-3688,-3688,-3689,-3678,-3679,-3667,-3668,-3668,-3657,-3658,-3658,-3658,-3659,-3659,-3660,-3660,-3661,-3661,-3662,-3662,-3662,-3663,-3652,-3641,-3642,-3642,-3642,-3643,-3632,-3632,-3633,-3633,-3634,-3634,-3635,-3635,-3635,-3636,-3636,-3637,-3637,-3638,-3638,-3627,-3628,-3628,-3629,-3629,-3630,-3630,-3630,-3631,-3631,-3632,-3632,-3633,-3623,-3623,-3624,-3624,-3624,-3625,-3625,-3626,-3615,-3616,-3616,-3617,-3617,-3618,-3618,-3619,-3619,-3608,-3609,-3609,-3610,-3599,-3590,-3581,-3571,-3571,-3572,-3572,-3573,-3573,-3563,-3553,-3543,-3543,-3543,-3533,-3522,-3512,-3512,-3512,-3513,-3513,-3503,-3503,-3493,-3493,-3483,-3472,-3473,-3473,-3474,-3463,-3464,-3464,-3465,-3465,-3466,-3466,-3466,-3467,-3467,-3457,-3457,-3458,-3447,-3447,-3448,-3437,-3438,-3438,-3427,-3428,-3428,-3429,-3429,-3419,-3408,-3399,-3399,-3400,-3389,-3390,-3390,-3390,-3391,-3391,-3392,-3392,-3393,-3393,-3394,-3394,-3394,-3395,-3395,-3385,-3386,-3386,-3376,-3376,-3377,-3377,-3378,-3378,-3369,-3358,-3347,-3348,-3337,-3338,-3338,-3339,-3339,-3340,-3340,-3331,-3332,-3332,-3323,-3323,-3324,-3324,-3325,-3315,-3315,-3305,-3305,-3306,-3297,-3297,-3298,-3298,-3299,-3299,-3299,-3300,-3300,-3301,-3291,-3291,-3292,-3292,-3282,-3282,-3283,-3283,-3273,-3273,-3263,-3254,-3254,-3255,-3255,-3245,-3235,-3225,-3215,-3216,-3216,-3206,-3206,-3196,-3185,-3186,-3175,-3176,-3176,-3177,-3177,-3167,-3167,-3168,-3168,-3169,-3158,-3159,-3159,-3160,-3149,-3150,-3139,-3140,-3140,-3141,-3130,-3131,-3131,-3121,-3111,-3112,-3102,-3102,-3092,-3081,-3082,-3082,-3072,-3072,-3073,-3073,-3063,-3053,-3053,-3043,-3032,-3022,-3012,-3002,-3002,-2992,-2981,-2982,-2982,-2982,-2983,-2983,-2984,-2973,-2974,-2963,-2964,-2964,-2957,-2957,-2958,-2954,-2955,-2955,-2956,-2956,-2957,-2957,-2947,-2936,-2937,-2926,-2927,-2916,-2917,-2917,-2918,-2918,-2908,-2908,-2909,-2909,-2899,-2899,-2889,-2879,-2879,-2880,-2880,-2881,-2870,-2871,-2861,-2850,-2840,-2830,-2831,-2831,-2832,-2821,-2811,-2812,-2802,-2802,-2803,-2803,-2793,-2793,-2794,-2784,-2774,-2764,-2754,-2744,-2734,-2724,-2714,-2704,-2694,-2695,-2695,-2685,-2686,-2676,-2676,-2666,-2657,-2647,-2637,-2627,-2628,-2618,-2618,-2608,-2599,-2599,-2600,-2600,-2601,-2601,-2591,-2582,-2582,-2572,-2573,-2573,-2564,-2564,-2554,-2555,-2545,-2536,-2536,-2527,-2527,-2307,-2308,-2304,-2300,-2301,-2301,-2296,-2291,-2292,-2292,-2293,-2293,-2289,-2284,-2285,-2281,-2276,-2277,-2271,-2272,-2267,-2268,-2263,-2263,-2258,-2253,-2248,-2248,-2249,-2249,-2244,-2245,-2245,-2246,-2246,-2241,-2236,-2231,-2226,-2221,-2216,-2216,-2217,-2217,-2212,-2213,-2213,-2214,-2208,-2204,-2199,-2194,-2194,-2195,-2195,-2196,-2191,-2186,-2181,-2182,-2182,-2177,-2178,-2178,-2173,-2169,-2169,-2164,-2165,-2160,-2160,-2161,-2161,-2162,-2157,-2152,-2147,-2148,-2148,-2144,-2140,-2135,-2130,-2130,-2126,-2121,-2121,-2116,-2117,-2113,-2108,-2109,-2109,-2110,-2105,-2106,-2106,-2102,-2098,-2093,-2093,-2088,-2089,-2089,-2084,-2085,-2085,-2080,-2081,-2076,-2072,-2072,-2067,-2062,-2057,-2053,-2048,-2043,-2038,-2034,-2029,-2029,-2025,-2020,-2016,-2011,-2006,-2007,-2002,-2003,-1998,-1993,-1989,-1984,-1985,-1985,-1980,-1976,-1971,-1966,-1962,-1958,-1954,-1949,-1944,-1939,-1940,-1940,-1935,-1930,-1925,-1920,-1916,-1911,-1911,-1912,-1907,-1907,-1903,-1903,-1898,-1899,-1899,-1894,-1895,-1895,-1890,-1885,-1881,-1876,-1871,-1871,-1871,-1867,-1862,-1857,-1853,-1853,-1848,-1849,-1844,-1839,-1840,-1836,-1832,-1832,-1828,-1829,-1824,-1824,-1820,-1815,-1810,-1805,-1806,-1801,-1796,-1797,-1792,-1787,-1787,-1783,-1783,-1780,-1775,-1770,-1765,-1760,-1761,-1756,-1756,-1757,-1757,-1758,-1753,-1753,-1748,-1743,-1738,-1734,-1730,-1725,-1720,-1715,-1716,-1711,-1707,-1702,-1703,-1698,-1693,-1694,-1689,-1689,-1684,-1680,-1676,-1671,-1666,-1661,-1656,-1652,-1652,-1647,-1642,-1643,-1638,-1634,-1634,-1635,-1635,-1636,-1631,-1632,-1627,-1628,-1628,-1624,-1619,-1619,-1615,-1610,-1605,-1600,-1595,-1590,-1586,-1581,-1581,-1576,-1577,-1577,-1578,-1578,-1573,-1569,-1564,-1560,-1556,-1551,-1547,-1542,-1537,-1533,-1528,-1528,-1529,-1524,-1520,-1515,-1511,-1507,-1507,-1503,-1498,-1493,-1489,-1484,-1479,-1480,-1480,-1476,-1471,-1466,-1461,-1457,-1452,-1447,-1442,-1438,-1433,-1433,-1434,-1429,-1429,-1430,-1425,-1420,-1420,-1421,-1416,-1411,-1407,-1402,-1397,-1392,-1387,-1382,-1377,-1373,-1368,-1363,-1363,-1358,-1353,-1354,-1349,-1344,-1339,-1334,-1329,-1324,-1322,-1322,-1317,-1313,-1314,-1309,-1309,-1304,-1299,-1299,-1294,-1289,-1284,-1279,-1274,-1270,-1270,-1265,-1260,-1255,-1250,-1245,-1240,-1241,-1236,-1231,-1226,-1221,-1217,-1212,-1207,-1202,-1197,-1198,-1193,-1188,-1183,-1179,-1179,-1174,-1170,-1165,-1165,-1161,-1156,-1151,-1147,-1142,-1137,-1133,-1133,-1129,-1124,-1119,-1115,-1110,-1106,-889,-889,-889,-889,-889,-889,-889,-889,-889,-889,-889,-889,-889,-889,-889,-889,-889,-889,-889,-889,-889,-889,-889,-889,-889,-889,-889,-889,-889,-889,-889,-889,-889,-889,-889,-889,-889,-889,-889,-889,-889,-889,-889,-889,-889,-889,-889,-888,-889,-889,-889,-889,-889,-889,-869,-849,-829,-809,-789,-769,-749,-729,-709,-689,-669,-649,-630,-610,-590,-570,-550,-530,-510,-511,-491,-471,-451,-432,-412,-392,-372,-353,-333,-313,-294,-274,-254,-234,-215,-195,-175,-156,-136,-117,-97,-77,-58,-38,-19,0
-3728,-3728,-3729,-3729,-3730,-3730,-3731,-3731,-3731,-3732,-3732,-3733,-3733,-3734,-3734,-3735,-3735,-3736,-3736,-3737,-3737,-3737,-3738,-3738,-3739,-3739,-3740,-3740,-3741,-3741,-3742,-3742,-3742,-3743,-3743,-3744,-3744,-3745,-3745,-3746,-3746,-3747,-3747,-3748,-3748,-3748,-3749,-3749,-3750,-3750,-3751,-3751,-3752,-3752,-3753,-3753,-3754,-3754,-3754,-3744,-3745,-3745,-3746,-3734,-3735,-3735,-3736,-3725,-3725,-3726,-3726,-3727,-3727,-3728,-3728,-3729,-3729,-3730,-3730,-3730,-3731,-3731,-3732,-3732,-3733,-3733,-3734,-3734,-3735,-3735,-3736,-3736,-3736,-3737,-3737,-3738,-3727,-3727,-3728,-3728,-3728,-3729,-3718,-3708,-3709,-3709,-3710,-3710,-3711,-3711,-3712,-3712,-3712,-3713,-3713,-3714,-3714,-3715,-3715,-3716,-3716,-3717,-3706,-3706,-3707,-3696,-3697,-3697,-3698,-3687,-3687,-3676,-3676,-3677,-3666,-3666,-3667,-3667,-3668,-3668,-3669,-3669,-3670,-3670,-3670,-3671,-3671,-3672,-3661,-3650,-3650,-3650,-3651,-3651,-3640,-3641,-3641,-3642,-3642,-3643,-3643,-3644,-3644,-3644,-3645,-3645,-3646,-3646,-3647,-3637,-3637,-3638,-3638,-3639,-3639,-3639,-3640,-3640,-3641,-3641,-3642,-3642,-3632,-3632,-3633,-3633,-3634,-3634,-3635,-3635,-3624,-3625,-3625,-3626,-3626,-3627,-3627,-3627,-3628,-3618,-3618,-3619,-3619,-3610,-3600,-3590,-3580,-3580,-3581,-3581,-3582,-3582,-3572,-3562,-3551,-3552,-3552,-3542,-3531,-3520,-3521,-3521,-3522,-3522,-3512,-3512,-3502,-3503,-3492,-3481,-3482,-3482,-3483,-3472,-3472,-3473,-3473,-3474,-3474,-3475,-3475,-3476,-3476,-3465,-3466,-3466,-3456,-3456,-3457,-3446,-3446,-3447,-3436,-3437,-3437,-3438,-3438,-3428,-3418,-3408,-3408,-3409,-3398,-3399,-3399,-3400,-3400,-3401,-3401,-3401,-3402,-3402,-3403,-3403,-3404,-3404,-3405,-3394,-3395,-3395,-3386,-3386,-3387,-3387,-3388,-3388,-3377,-3367,-3356,-3357,-3348,-3348,-3349,-3349,-3350,-3350,-3351,-3342,-3342,-3342,-3332,-3333,-3333,-3334,-3334,-3324,-3324,-3315,-3316,-3316,-3306,-3307,-3307,-3308,-3308,-3309,-3309,-3309,-3310,-3310,-3300,-3300,-3301,-3301,-3291,-3292,-3292,-3292,-3282,-3283,-3273,-3263,-3263,-3264,-3264,-3254,-3245,-3235,-3224,-3225,-3225,-3215,-3215,-3205,-3195,-3195,-3185,-3185,-3186,-3186,-3186,-3176,-3176,-3177,-3177,-3178,-3167,-3168,-3168,-3169,-3159,-3159,-3149,-3149,-3150,-3150,-3140,-3141,-3141,-3131,-3121,-3121,-3111,-3111,-3101,-3090,-3091,-3091,-3081,-3081,-3082,-3082,-3072,-3062,-3062,-3052,-3042,-3031,-3021,-3011,-3011,-3001,-2990,-2991,-2991,-2992,-2992,-2992,-2993,-2982,-2983,-2975,-2976,-2976,-2973,-2973,-2974,-2963,-2964,-2964,-2965,-2965,-2966,-2966,-2956,-2945,-2946,-2935,-2936,-2925,-2926,-2926,-2927,-2927,-2917,-2917,-2918,-2918,-2908,-2909,-2898,-2888,-2889,-2889,-2889,-2890,-2880,-2880,-2870,-2860,-2850,-2840,-2840,-2840,-2841,-2831,-2821,-2821,-2811,-2812,-2812,-2813,-2802,-2803,-2803,-2793,-2783,-2773,-2763,-2754,-2744,-2734,-2724,-2714,-2704,-2704,-2705,-2695,-2695,-2686,-2686,-2676,-2666,-2656,-2647,-2637,-2637,-2628,-2628,-2618,-2608,-2609,-2609,-2610,-2610,-2611,-2601,-2591,-2592,-2582,-2583,-2583,-2574,-2574,-2564,-2565,-2555,-2546,-2546,-2537,-2537,-2323,-2324,-2320,-2315,-2315,-2316,-2311,-2306,-2307,-2307,-2308,-2308,-2304,-2300,-2300,-2296,-2291,-2291,-2286,-2287,-2282,-2282,-2277,-2278,-2272,-2267,-2262,-2263,-2263,-2264,-2259,-2259,-2260,-2260,-2260,-2255,-2250,-2246,-2241,-2235,-2230,-2231,-2231,-2232,-2227,-2227,-2228,-2228,-2223,-2218,-2213,-2208,-2209,-2209,-2210,-2210,-2205,-2201,-2196,-2196,-2197,-2192,-2192,-2193,-2188,-2183,-2184,-2179,-2179,-2175,-2175,-2176,-2176,-2177,-2172,-2167,-2162,-2163,-2163,-2159,-2154,-2150,-2145,-2145,-2140,-2136,-2136,-2132,-2132,-2128,-2123,-2124,-2124,-2125,-2121,-2121,-2121,-2117,-2112,-2107,-2108,-2103,-2103,-2104,-2099,-2099,-2100,-2096,-2096,-2091,-2086,-2087,-2082,-2077,-2072,-2067,-2063,-2058,-2053,-2049,-2044,-2045,-2040,-2035,-2030,-2026,-2021,-2022,-2017,-2018,-2013,-2008,-2004,-1999,-2000,-2000,-1995,-1990,-1986,-1981,-1978,-1973,-1969,-1964,-1959,-1954,-1954,-1955,-1950,-1945,-1940,-1935,-1930,-1925,-1926,-1926,-1922,-1922,-1917,-1918,-1913,-1913,-1914,-1909,-1910,-1910,-1905,-1900,-1895,-1890,-1885,-1886,-1886,-1881,-1876,-1872,-1867,-1868,-1863,-1864,-1859,-1855,-1856,-1851,-1847,-1848,-1843,-1843,-1839,-1839,-1835,-1830,-1825,-1820,-1821,-1816,-1811,-1811,-1807,-1802,-1803,-1799,-1800,-1795,-1790,-1785,-1780,-1775,-1775,-1770,-1771,-1771,-1772,-1772,-1767,-1768,-1763,-1758,-1753,-1749,-1744,-1740,-1735,-1730,-1731,-1726,-1722,-1717,-1717,-1713,-1708,-1708,-1704,-1704,-1700,-1695,-1690,-1686,-1681,-1676,-1671,-1666,-1667,-1662,-1657,-1657,-1653,-1649,-1650,-1650,-1651,-1651,-1646,-1647,-1642,-1643,-1643,-1639,-1634,-1634,-1629,-1624,-1620,-1615,-1610,-1605,-1600,-1595,-1596,-1591,-1591,-1592,-1592,-1593,-1588,-1584,-1580,-1575,-1571,-1566,-1561,-1557,-1552,-1548,-1543,-1543,-1544,-1539,-1535,-1531,-1526,-1522,-1522,-1518,-1513,-1508,-1503,-1499,-1494,-1495,-1495,-1490,-1486,-1481,-1476,-1471,-1467,-1462,-1457,-1452,-1447,-1448,-1448,-1443,-1444,-1444,-1440,-1435,-1435,-1436,-1431,-1426,-1421,-1416,-1411,-1407,-1402,-1397,-1392,-1387,-1382,-1377,-1378,-1373,-1368,-1368,-1363,-1358,-1353,-1348,-1343,-1341,-1341,-1337,-1333,-1328,-1328,-1323,-1324,-1319,-1314,-1314,-1309,-1304,-1299,-1294,-1289,-1284,-1285,-1280,-1275,-1270,-1265,-1260,-1255,-1256,-1251,-1246,-1241,-1236,-1231,-1226,-1222,-1217,-1212,-1213,-1208,-1203,-1198,-1193,-1194,-1189,-1185,-1180,-1180,-1176,-1171,-1166,-1162,-1157,-1152,-1148,-1148,-1144,-1139,-1134,-1130,-1125,-1121,-909,-909,-909,-909,-909,-909,-909,-909,-909,-909,-909,-909,-909,-909,-909,-909,-909,-909,-909,-909,-909,-908,-908,-908,-908,-908,-908,-908,-908,-908,-908,-908,-908,-908,-908,-908,-908,-908,-908,-908,-908,-908,-908,-908,-908,-908,-908,-908,-908,-908,-908,-908,-908,-888,-868,-848,-828,-808,-789,-769,-749,-729,-709,-689,-669,-649,-629,-609,-589,-570,-550,-530,-510,-511,-491,-471,-451,-431,-412,-392,-372,-352,-333,-313,-293,-274,-254,-234,-215,-195,-175,-156,-136,-116,-97,-77,-58,-38,-19,0
-3737,-3737,-3737,-3738,-3738,-3739,-3739,-3740,-3740,-3741,-3741,-3742,-3742,-3743,-3743,-3744,-3744,-3744,-3745,-3745,-3746,-3746,-3747,-3747,-3748,-3748,-3749,-3749,-3750,-3750,-3751,-3751,-3752,-3752,-3752,-3753,-3753,-3754,-3754,-3755,-3755,-3756,-3756,-3757,-3757,-3758,-3758,-3759,-3759,-3760,-3760,-3760,-3761,-3761,-3762,-3762,-3763,-3763,-3764,-3753,-3753,-3753,-3754,-3743,-3744,-3744,-3744,-3733,-3733,-3734,-3734,-3735,-3735,-3736,-3736,-3737,-3737,-3738,-3738,-3739,-3739,-3740,-3740,-3741,-3741,-3741,-3742,-3742,-3743,-3743,-3744,-3744,-3745,-3745,-3746,-3746,-3735,-3736,-3736,-3737,-3737,-3737,-3728,-3717,-3718,-3718,-3718,-3719,-3719,-3720,-3720,-3721,-3721,-3722,-3722,-3723,-3723,-3724,-3724,-3725,-3725,-3726,-3715,-3715,-3716,-3705,-3705,-3706,-3706,-3695,-3695,-3684,-3685,-3685,-3674,-3675,-3675,-3675,-3676,-3676,-3677,-3677,-3678,-3678,-3679,-3679,-3680,-3680,-3669,-3658,-3658,-3659,-3659,-3660,-3650,-3650,-3651,-3651,-3651,-3652,-3652,-3653,-3653,-3654,-3654,-3655,-3655,-3656,-3656,-3646,-3646,-3647,-3647,-3648,-3648,-3648,-3649,-3649,-3650,-3650,-3651,-3651,-3641,-3641,-3641,-3642,-3642,-3643,-3643,-3644,-3633,-3634,-3634,-3635,-3635,-3636,-3636,-3637,-3637,-3628,-3628,-3629,-3629,-3620,-3610,-3599,-3589,-3590,-3590,-3591,-3591,-3592,-3582,-3571,-3560,-3561,-3561,-3551,-3540,-3529,-3530,-3530,-3531,-3531,-3521,-3522,-3511,-3511,-3501,-3490,-3491,-3491,-3492,-3481,-3481,-3482,-3482,-3483,-3483,-3484,-3484,-3485,-3485,-3474,-3475,-3475,-3465,-3465,-3465,-3455,-3455,-3456,-3445,-3446,-3446,-3447,-3447,-3438,-3427,-3417,-3417,-3418,-3407,-3408,-3408,-3409,-3409,-3410,-3410,-3411,-3411,-3412,-3412,-3413,-3413,-3414,-3414,-3404,-3405,-3405,-3395,-3395,-3396,-3396,-3396,-3397,-3386,-3376,-3367,-3367,-3358,-3359,-3359,-3360,-3360,-3361,-3361,-3351,-3351,-3352,-3342,-3342,-3342,-3343,-3343,-3334,-3335,-3325,-3325,-3326,-3315,-3316,-3316,-3317,-3317,-3318,-3318,-3319,-3319,-3320,-3309,-3310,-3310,-3311,-3300,-3301,-3301,-3302,-3292,-3293,-3282,-3272,-3273,-3273,-3274,-3264,-3254,-3244,-3234,-3234,-3234,-3224,-3225,-3214,-3204,-3204,-3194,-3194,-3195,-3195,-3196,-3185,-3186,-3186,-3187,-3187,-3177,-3177,-3178,-3178,-3168,-3168,-3158,-3159,-3159,-3160,-3149,-3150,-3150,-3140,-3130,-3130,-3120,-3120,-3110,-3100,-3100,-3100,-3090,-3091,-3091,-3092,-3081,-3071,-3071,-3061,-3051,-3041,-3030,-3020,-3020,-3010,-2999,-3000,-3000,-3001,-3001,-3002,-3002,-2994,-2995,-2991,-2992,-2992,-2982,-2982,-2983,-2972,-2973,-2973,-2974,-2974,-2975,-2975,-2965,-2954,-2955,-2945,-2945,-2935,-2935,-2936,-2936,-2937,-2926,-2927,-2927,-2928,-2917,-2918,-2908,-2897,-2898,-2898,-2899,-2899,-2889,-2890,-2879,-2869,-2859,-2849,-2849,-2850,-2850,-2840,-2830,-2831,-2821,-2821,-2822,-2822,-2812,-2812,-2813,-2803,-2793,-2783,-2773,-2763,-2753,-2743,-2733,-2723,-2713,-2714,-2714,-2705,-2705,-2695,-2696,-2686,-2676,-2666,-2656,-2647,-2647,-2637,-2638,-2628,-2618,-2619,-2619,-2620,-2620,-2621,-2611,-2601,-2602,-2592,-2593,-2593,-2583,-2584,-2574,-2575,-2565,-2556,-2556,-2547,-2547,-2339,-2339,-2334,-2329,-2330,-2330,-2326,-2322,-2322,-2323,-2323,-2323,-2319,-2315,-2315,-2310,-2305,-2306,-2301,-2301,-2296,-2297,-2292,-2292,-2287,-2282,-2277,-2277,-2278,-2278,-2273,-2274,-2274,-2274,-2275,-2270,-2265,-2260,-2255,-2250,-2245,-2245,-2246,-2246,-2241,-2242,-2242,-2243,-2238,-2233,-2228,-2223,-2223,-2224,-2224,-2225,-2220,-2215,-2211,-2211,-2212,-2207,-2207,-2208,-2203,-2198,-2199,-2194,-2194,-2189,-2190,-2190,-2191,-2191,-2187,-2182,-2178,-2178,-2179,-2174,-2169,-2164,-2159,-2160,-2155,-2151,-2151,-2147,-2147,-2143,-2139,-2139,-2140,-2140,-2136,-2136,-2137,-2132,-2127,-2122,-2122,-2118,-2118,-2119,-2114,-2115,-2115,-2110,-2111,-2106,-2101,-2101,-2097,-2092,-2087,-2082,-2077,-2073,-2068,-2064,-2059,-2059,-2055,-2050,-2046,-2041,-2036,-2037,-2032,-2032,-2028,-2023,-2019,-2014,-2014,-2015,-2010,-2005,-2001,-1997,-1993,-1988,-1983,-1978,-1973,-1968,-1969,-1969,-1964,-1959,-1955,-1950,-1945,-1940,-1941,-1941,-1936,-1937,-1932,-1932,-1928,-1928,-1929,-1924,-1924,-1925,-1920,-1915,-1910,-1905,-1900,-1900,-1901,-1896,-1892,-1887,-1882,-1883,-1878,-1878,-1875,-1870,-1871,-1867,-1862,-1862,-1858,-1858,-1854,-1854,-1849,-1844,-1840,-1835,-1835,-1830,-1826,-1826,-1822,-1818,-1819,-1814,-1814,-1809,-1804,-1799,-1794,-1789,-1790,-1785,-1785,-1786,-1786,-1787,-1782,-1782,-1778,-1773,-1769,-1764,-1759,-1754,-1750,-1745,-1746,-1741,-1736,-1732,-1732,-1727,-1723,-1723,-1719,-1720,-1715,-1710,-1705,-1700,-1695,-1691,-1686,-1681,-1681,-1676,-1672,-1673,-1669,-1664,-1664,-1665,-1665,-1666,-1662,-1662,-1657,-1658,-1658,-1653,-1648,-1649,-1644,-1639,-1634,-1630,-1625,-1620,-1615,-1610,-1611,-1606,-1607,-1607,-1607,-1608,-1603,-1599,-1595,-1590,-1586,-1581,-1576,-1572,-1567,-1562,-1558,-1558,-1559,-1555,-1550,-1546,-1541,-1537,-1537,-1532,-1528,-1523,-1518,-1514,-1509,-1509,-1510,-1505,-1500,-1496,-1491,-1486,-1481,-1477,-1472,-1467,-1462,-1462,-1463,-1458,-1459,-1459,-1454,-1449,-1450,-1450,-1446,-1441,-1436,-1431,-1426,-1421,-1416,-1412,-1407,-1402,-1397,-1392,-1392,-1387,-1382,-1383,-1378,-1373,-1368,-1363,-1361,-1361,-1356,-1352,-1347,-1342,-1343,-1338,-1338,-1333,-1328,-1329,-1324,-1319,-1314,-1309,-1304,-1299,-1299,-1294,-1289,-1284,-1279,-1275,-1270,-1270,-1265,-1260,-1256,-1251,-1246,-1241,-1236,-1232,-1227,-1227,-1223,-1218,-1213,-1208,-1209,-1204,-1199,-1195,-1195,-1190,-1186,-1181,-1177,-1172,-1167,-1163,-1163,-1159,-1154,-1149,-1145,-1140,-1136,-928,-928,-928,-928,-928,-928,-928,-928,-928,-928,-928,-928,-928,-928,-928,-928,-928,-928,-928,-928,-928,-928,-928,-928,-928,-928,-928,-928,-928,-928,-928,-928,-928,-928,-928,-928,-928,-928,-928,-928,-928,-928,-928,-928,-928,-928,-928,-928,-928,-928,-928,-928,-908,-888,-868,-848,-828,-808,-788,-768,-748,-728,-708,-689,-669,-649,-629,-609,-589,-569,-549,-530,-510,-510,-491,-471,-451,-431,-411,-392,-372,-352,-333,-313,-293,-274,-254,-234,-215,-195,-175,-156,-136,-116,-97,-77,-58,-38,-19,0
-3744,-3745,-3745,-3746,-3746,-3747,-3747,-3748,-3748,-3749,-3749,-3749,-3750,-3750,-3751,-3751,-3752,-3752,-3753,-3753,-3754,-3754,-3755,-3755,-3756,-3756,-3757,-3757,-3758,-3758,-3759,-3759,-3760,-3760,-3761,-3761,-3761,-3762,-3762,-3763,-3763,-3764,-3764,-3765,-3765,-3766,-3766,-3767,-3767,-3768,-3768,-3769,-3769,-3770,-3770,-3771,-3771,-3772,-3772,-3761,-3762,-3762,-3763,-3751,-3752,-3752,-3753,-3741,-3742,-3742,-3743,-3743,-3744,-3744,-3745,-3745,-3746,-3746,-3746,-3747,-3747,-3748,-3748,-3749,-3749,-3750,-3750,-3751,-3751,-3752,-3752,-3753,-3753,-3754,-3754,-3755,-3745,-3745,-3746,-3746,-3747,-3747,-3737,-3726,-3726,-3727,-3727,-3728,-3728,-3729,-3729,-3730,-3730,-3731,-3731,-3732,-3732,-3732,-3733,-3733,-3734,-3734,-3723,-3724,-3724,-3713,-3713,-3714,-3714,-3704,-3704,-3693,-3693,-3694,-3682,-3683,-3683,-3684,-3684,-3685,-3685,-3686,-3686,-3687,-3687,-3688,-3688,-3689,-3678,-3667,-3668,-3668,-3669,-3669,-3658,-3659,-3659,-3660,-3660,-3661,-3661,-3662,-3662,-3663,-3663,-3664,-3664,-3665,-3665,-3654,-3655,-3655,-3656,-3656,-3657,-3657,-3658,-3658,-3659,-3659,-3660,-3660,-3650,-3650,-3651,-3651,-3651,-3652,-3652,-3653,-3643,-3644,-3644,-3645,-3645,-3646,-3646,-3647,-3647,-3638,-3638,-3639,-3639,-3629,-3619,-3609,-3599,-3599,-3600,-3600,-3601,-3601,-3590,-3580,-3569,-3570,-3570,-3559,-3549,-3539,-3539,-3540,-3540,-3541,-3530,-3531,-3520,-3520,-3510,-3499,-3499,-3500,-3500,-3489,-3490,-3490,-3491,-3491,-3492,-3492,-3493,-3493,-3494,-3483,-3484,-3484,-3474,-3474,-3475,-3464,-3464,-3465,-3455,-3456,-3456,-3457,-3457,-3447,-3436,-3426,-3426,-3427,-3417,-3418,-3418,-3419,-3419,-3420,-3420,-3421,-3421,-3421,-3422,-3422,-3423,-3423,-3424,-3413,-3414,-3414,-3404,-3404,-3405,-3405,-3405,-3406,-3395,-3387,-3377,-3378,-3368,-3368,-3369,-3369,-3370,-3370,-3371,-3360,-3361,-3361,-3352,-3353,-3353,-3353,-3354,-3344,-3344,-3334,-3334,-3335,-3324,-3325,-3325,-3326,-3326,-3327,-3327,-3328,-3328,-3329,-3318,-3319,-3319,-3320,-3310,-3311,-3311,-3312,-3301,-3302,-3292,-3282,-3283,-3283,-3284,-3274,-3263,-3253,-3243,-3243,-3244,-3233,-3234,-3223,-3213,-3213,-3203,-3203,-3204,-3204,-3205,-3194,-3195,-3195,-3196,-3196,-3186,-3186,-3187,-3187,-3177,-3178,-3167,-3168,-3168,-3169,-3159,-3159,-3160,-3149,-3139,-3139,-3129,-3129,-3119,-3109,-3109,-3110,-3099,-3100,-3100,-3101,-3090,-3080,-3081,-3070,-3060,-3050,-3039,-3029,-3029,-3019,-3011,-3012,-3012,-3013,-3013,-3013,-3014,-3011,-3011,-3000,-3001,-3001,-2991,-2991,-2992,-2981,-2982,-2982,-2983,-2983,-2984,-2984,-2974,-2964,-2964,-2954,-2954,-2944,-2944,-2945,-2945,-2946,-2935,-2936,-2936,-2937,-2927,-2927,-2917,-2907,-2907,-2908,-2908,-2909,-2898,-2899,-2889,-2879,-2868,-2858,-2859,-2859,-2860,-2850,-2840,-2840,-2830,-2831,-2831,-2832,-2822,-2822,-2822,-2812,-2803,-2793,-2783,-2773,-2763,-2753,-2743,-2733,-2723,-2724,-2724,-2714,-2715,-2705,-2705,-2696,-2686,-2676,-2666,-2656,-2657,-2647,-2648,-2638,-2628,-2629,-2629,-2630,-2630,-2630,-2621,-2611,-2612,-2602,-2602,-2603,-2593,-2594,-2584,-2585,-2575,-2566,-2566,-2557,-2557,-2353,-2354,-2349,-2344,-2345,-2345,-2341,-2337,-2337,-2338,-2338,-2339,-2334,-2329,-2330,-2325,-2320,-2320,-2315,-2316,-2311,-2311,-2306,-2306,-2301,-2296,-2291,-2292,-2292,-2293,-2288,-2288,-2288,-2289,-2289,-2285,-2280,-2275,-2269,-2264,-2259,-2260,-2260,-2261,-2256,-2257,-2257,-2258,-2252,-2247,-2242,-2238,-2238,-2239,-2239,-2240,-2235,-2230,-2225,-2226,-2226,-2221,-2222,-2222,-2218,-2213,-2213,-2208,-2209,-2204,-2205,-2205,-2206,-2206,-2201,-2197,-2192,-2193,-2193,-2189,-2184,-2179,-2174,-2175,-2170,-2166,-2166,-2162,-2162,-2158,-2154,-2154,-2155,-2155,-2150,-2151,-2151,-2146,-2142,-2137,-2137,-2133,-2133,-2134,-2129,-2129,-2130,-2125,-2125,-2120,-2116,-2116,-2111,-2106,-2102,-2097,-2092,-2088,-2083,-2078,-2074,-2074,-2069,-2065,-2060,-2056,-2051,-2051,-2047,-2047,-2043,-2038,-2033,-2028,-2029,-2029,-2025,-2020,-2017,-2012,-2008,-2003,-1998,-1993,-1988,-1983,-1983,-1984,-1979,-1974,-1969,-1964,-1960,-1955,-1955,-1956,-1951,-1951,-1947,-1947,-1942,-1943,-1943,-1938,-1939,-1939,-1934,-1929,-1924,-1919,-1915,-1915,-1916,-1911,-1906,-1902,-1897,-1897,-1894,-1895,-1890,-1886,-1886,-1881,-1877,-1878,-1873,-1873,-1868,-1869,-1864,-1859,-1854,-1849,-1850,-1845,-1841,-1841,-1838,-1833,-1833,-1828,-1829,-1824,-1819,-1814,-1809,-1804,-1805,-1800,-1800,-1801,-1801,-1801,-1797,-1797,-1792,-1788,-1783,-1779,-1774,-1769,-1765,-1760,-1761,-1756,-1751,-1746,-1747,-1742,-1738,-1739,-1734,-1734,-1729,-1725,-1720,-1715,-1710,-1705,-1700,-1696,-1696,-1692,-1688,-1688,-1683,-1679,-1680,-1680,-1681,-1681,-1676,-1677,-1672,-1672,-1673,-1668,-1663,-1663,-1659,-1654,-1649,-1644,-1639,-1634,-1630,-1625,-1626,-1621,-1621,-1622,-1622,-1623,-1619,-1614,-1610,-1605,-1601,-1596,-1591,-1587,-1582,-1577,-1573,-1574,-1574,-1570,-1565,-1561,-1556,-1551,-1552,-1547,-1542,-1538,-1533,-1528,-1524,-1524,-1525,-1520,-1515,-1510,-1506,-1501,-1496,-1491,-1486,-1482,-1477,-1477,-1478,-1473,-1473,-1474,-1469,-1464,-1465,-1465,-1460,-1455,-1451,-1446,-1441,-1436,-1431,-1426,-1421,-1416,-1411,-1406,-1407,-1402,-1397,-1397,-1392,-1387,-1382,-1380,-1380,-1376,-1372,-1367,-1362,-1357,-1357,-1352,-1353,-1348,-1343,-1343,-1338,-1333,-1328,-1323,-1318,-1313,-1314,-1309,-1304,-1299,-1294,-1289,-1284,-1285,-1280,-1275,-1270,-1266,-1261,-1256,-1251,-1246,-1242,-1242,-1237,-1233,-1228,-1223,-1224,-1219,-1214,-1210,-1210,-1205,-1201,-1196,-1191,-1187,-1182,-1178,-1178,-1173,-1169,-1164,-1160,-1155,-1151,-948,-948,-948,-948,-948,-948,-948,-948,-948,-948,-948,-948,-948,-948,-948,-948,-948,-948,-948,-948,-948,-948,-948,-948,-947,-947,-947,-947,-947,-947,-947,-947,-947,-947,-947,-947,-947,-947,-947,-947,-947,-947,-947,-947,-947,-947,-947,-947,-948,-947,-947,-927,-907,-887,-868,-848,-828,-808,-788,-768,-748,-728,-708,-688,-668,-648,-629,-609,-589,-569,-549,-529,-510,-510,-490,-470,-451,-431,-411,-392,-372,-352,-332,-313,-293,-273,-254,-234,-214,-195,-175,-156,-136,-116,-97,-77,-58,-38,-19,0
-3752,-3753,-3753,-3754,-3754,-3755,-3755,-3756,-3756,-3757,-3757,-3758,-3758,-3759,-3759,-3760,-3760,-3761,-3761,-3762,-3762,-3763,-3763,-3764,-3764,-3765,-3765,-3765,-3766,-3766,-3767,-3767,-3768,-3768,-3769,-3769,-3770,-3770,-3771,-3771,-3772,-3772,-3773,-3773,-3774,-3774,-3775,-3775,-3776,-3776,-3777,-3777,-3778,-3778,-3779,-3779,-3780,-3780,-3781,-3769,-3770,-3770,-3771,-3759,-3760,-3760,-3761,-3751,-3751,-3752,-3752,-3753,-3753,-3754,-3754,-3755,-3755,-3756,-3756,-3757,-3757,-3758,-3758,-3759,-3759,-3760,-3760,-3761,-3761,-3762,-3762,-3763,-3763,-3763,-3764,-3764,-3754,-3754,-3755,-3755,-3756,-3756,-3745,-3734,-3734,-3735,-3735,-3736,-3736,-3737,-3737,-3738,-3738,-3739,-3739,-3740,-3740,-3741,-3741,-3742,-3742,-3743,-3731,-3732,-3732,-3722,-3722,-3723,-3723,-3712,-3712,-3701,-3701,-3702,-3691,-3691,-3692,-3692,-3693,-3693,-3694,-3694,-3695,-3695,-3696,-3696,-3697,-3697,-3687,-3676,-3676,-3677,-3677,-3678,-3667,-3667,-3668,-3668,-3669,-3669,-3670,-3670,-3671,-3671,-3672,-3672,-3673,-3673,-3674,-3663,-3664,-3664,-3665,-3665,-3666,-3666,-3667,-3667,-3668,-3668,-3669,-3669,-3660,-3660,-3661,-3661,-3661,-3662,-3662,-3663,-3653,-3654,-3654,-3655,-3655,-3656,-3656,-3657,-3657,-3647,-3648,-3648,-3649,-3638,-3628,-3618,-3607,-3608,-3608,-3609,-3609,-3610,-3599,-3589,-3578,-3578,-3579,-3568,-3558,-3548,-3548,-3549,-3549,-3550,-3539,-3540,-3529,-3529,-3518,-3508,-3508,-3509,-3509,-3498,-3499,-3499,-3500,-3500,-3501,-3501,-3502,-3502,-3503,-3492,-3493,-3493,-3482,-3483,-3483,-3474,-3474,-3475,-3464,-3465,-3465,-3466,-3466,-3456,-3445,-3436,-3436,-3437,-3426,-3426,-3427,-3427,-3428,-3428,-3429,-3429,-3430,-3430,-3431,-3431,-3432,-3432,-3433,-3422,-3423,-3423,-3412,-3413,-3413,-3414,-3414,-3415,-3406,-3397,-3387,-3387,-3377,-3377,-3378,-3378,-3379,-3379,-3380,-3371,-3371,-3372,-3361,-3362,-3362,-3363,-3363,-3353,-3353,-3343,-3343,-3344,-3333,-3334,-3334,-3335,-3335,-3336,-3336,-3337,-3337,-3338,-3328,-3329,-3329,-3330,-3319,-3320,-3320,-3321,-3311,-3311,-3302,-3292,-3292,-3293,-3293,-3283,-3273,-3262,-3252,-3252,-3253,-3242,-3243,-3232,-3222,-3222,-3212,-3212,-3213,-3213,-3214,-3203,-3204,-3204,-3205,-3205,-3195,-3196,-3196,-3197,-3186,-3187,-3177,-3177,-3178,-3178,-3168,-3168,-3169,-3158,-3148,-3148,-3138,-3139,-3128,-3118,-3118,-3119,-3109,-3109,-3109,-3110,-3100,-3090,-3090,-3080,-3069,-3059,-3048,-3038,-3038,-3031,-3027,-3028,-3028,-3029,-3029,-3030,-3030,-3020,-3020,-3009,-3010,-3010,-3000,-3000,-3001,-2991,-2991,-2991,-2992,-2992,-2993,-2993,-2983,-2973,-2973,-2963,-2963,-2953,-2953,-2954,-2954,-2955,-2945,-2945,-2946,-2946,-2936,-2936,-2926,-2916,-2916,-2917,-2917,-2918,-2908,-2908,-2898,-2888,-2878,-2868,-2868,-2869,-2869,-2859,-2849,-2850,-2840,-2840,-2841,-2841,-2831,-2832,-2832,-2822,-2812,-2802,-2792,-2782,-2772,-2762,-2753,-2743,-2733,-2733,-2734,-2724,-2724,-2715,-2715,-2705,-2695,-2686,-2676,-2666,-2667,-2657,-2657,-2648,-2638,-2638,-2639,-2639,-2640,-2640,-2631,-2621,-2621,-2612,-2612,-2613,-2603,-2604,-2594,-2595,-2585,-2576,-2576,-2566,-2567,-2368,-2368,-2364,-2360,-2360,-2361,-2356,-2352,-2352,-2353,-2353,-2354,-2349,-2344,-2344,-2339,-2334,-2335,-2330,-2330,-2325,-2325,-2320,-2321,-2316,-2311,-2306,-2306,-2307,-2307,-2302,-2303,-2303,-2304,-2304,-2299,-2294,-2289,-2284,-2279,-2274,-2275,-2275,-2276,-2271,-2271,-2271,-2272,-2267,-2262,-2257,-2252,-2253,-2253,-2254,-2254,-2250,-2245,-2240,-2240,-2241,-2236,-2237,-2237,-2232,-2227,-2228,-2223,-2224,-2219,-2219,-2220,-2220,-2221,-2217,-2212,-2207,-2208,-2208,-2203,-2198,-2194,-2190,-2190,-2185,-2181,-2181,-2177,-2178,-2173,-2168,-2169,-2169,-2170,-2165,-2165,-2166,-2161,-2156,-2152,-2152,-2147,-2148,-2148,-2143,-2144,-2144,-2139,-2140,-2135,-2130,-2131,-2126,-2121,-2116,-2112,-2107,-2103,-2098,-2093,-2088,-2089,-2085,-2080,-2075,-2070,-2066,-2067,-2062,-2063,-2058,-2053,-2048,-2043,-2044,-2044,-2040,-2036,-2032,-2027,-2022,-2017,-2012,-2007,-2002,-1998,-1998,-1999,-1994,-1989,-1984,-1979,-1974,-1970,-1970,-1970,-1966,-1966,-1961,-1962,-1957,-1957,-1958,-1953,-1953,-1954,-1949,-1944,-1939,-1934,-1930,-1930,-1931,-1926,-1921,-1917,-1913,-1914,-1909,-1909,-1905,-1900,-1901,-1897,-1892,-1892,-1887,-1888,-1883,-1884,-1879,-1874,-1869,-1864,-1865,-1860,-1857,-1857,-1852,-1847,-1848,-1843,-1843,-1838,-1833,-1829,-1824,-1819,-1819,-1814,-1815,-1815,-1816,-1816,-1811,-1812,-1808,-1803,-1798,-1794,-1789,-1784,-1780,-1775,-1775,-1771,-1766,-1761,-1762,-1758,-1753,-1753,-1748,-1749,-1744,-1739,-1734,-1730,-1725,-1720,-1715,-1711,-1711,-1707,-1702,-1703,-1699,-1694,-1694,-1695,-1695,-1696,-1691,-1691,-1686,-1687,-1687,-1683,-1678,-1678,-1673,-1669,-1664,-1659,-1654,-1649,-1645,-1640,-1641,-1636,-1637,-1637,-1638,-1638,-1634,-1629,-1625,-1620,-1615,-1611,-1606,-1601,-1597,-1593,-1588,-1589,-1589,-1585,-1580,-1576,-1571,-1566,-1567,-1562,-1557,-1553,-1548,-1543,-1538,-1539,-1539,-1535,-1530,-1525,-1520,-1516,-1511,-1506,-1501,-1496,-1491,-1492,-1492,-1487,-1488,-1488,-1484,-1479,-1479,-1480,-1475,-1470,-1465,-1460,-1455,-1451,-1446,-1441,-1436,-1431,-1426,-1421,-1421,-1416,-1411,-1412,-1407,-1402,-1400,-1400,-1396,-1391,-1386,-1381,-1376,-1371,-1372,-1367,-1367,-1362,-1357,-1358,-1353,-1348,-1343,-1338,-1333,-1328,-1328,-1323,-1319,-1314,-1309,-1304,-1299,-1300,-1295,-1290,-1285,-1280,-1275,-1271,-1266,-1261,-1256,-1257,-1252,-1247,-1243,-1238,-1238,-1234,-1229,-1224,-1225,-1220,-1216,-1211,-1206,-1202,-1197,-1192,-1193,-1188,-1184,-1179,-1175,-1170,-1166,-967,-967,-967,-967,-967,-967,-967,-967,-967,-967,-967,-967,-967,-967,-967,-967,-967,-967,-967,-967,-967,-967,-967,-967,-967,-967,-967,-967,-967,-967,-967,-967,-967,-967,-967,-967,-967,-967,-967,-967,-967,-967,-967,-967,-967,-967,-967,-967,-967,-967,-947,-927,-907,-887,-867,-847,-827,-807,-787,-767,-747,-728,-708,-688,-668,-648,-628,-608,-589,-569,-549,-529,-509,-510,-490,-470,-450,-431,-411,-391,-372,-352,-332,-313,-293,-273,-254,-234,-214,-195,-175,-155,-136,-116,-97,-77,-58,-38,-19,0
-3760,-3760,-3761,-3761,-3762,-3762,-3763,-3763,-3764,-3764,-3765,-3765,-3766,-3766,-3767,-3767,-3768,-3768,-3769,-3769,-3770,-3770,-3771,-3771,-3772,-3772,-3773,-3773,-3774,-3774,-3775,-3775,-3776,-3776,-3777,-3777,-3778,-3778,-3779,-3779,-3780,-3780,-3781,-3781,-3782,-3782,-3783,-3783,-3784,-3784,-3785,-3785,-3786,-3786,-3787,-3787,-3788,-3788,-3789,-3777,-3778,-3778,-3779,-3769,-3769,-3770,-3770,-3759,-3760,-3760,-3761,-3761,-3762,-3762,-3763,-3763,-3764,-3764,-3765,-3765,-3766,-3766,-3767,-3767,-3768,-3768,-3769,-3769,-3770,-3770,-3771,-3771,-3772,-3772,-3773,-3773,-3762,-3763,-3763,-3764,-3764,-3765,-3753,-3742,-3742,-3743,-3743,-3744,-3744,-3745,-3745,-3746,-3746,-3747,-3747,-3748,-3748,-3749,-3749,-3750,-3750,-3751,-3740,-3741,-3741,-3730,-3730,-3731,-3731,-3720,-3720,-3709,-3710,-3710,-3700,-3700,-3701,-3701,-3702,-3702,-3703,-3703,-3704,-3704,-3705,-3705,-3706,-3706,-3696,-3684,-3685,-3685,-3686,-3686,-3676,-3676,-3677,-3677,-3678,-3678,-3679,-3679,-3680,-3680,-3681,-3681,-3682,-3682,-3683,-3673,-3674,-3674,-3675,-3675,-3676,-3676,-3677,-3677,-3678,-3678,-3679,-3679,-3669,-3670,-3670,-3671,-3671,-3672,-3672,-3673,-3663,-3663,-3664,-3664,-3665,-3665,-3666,-3666,-3667,-3656,-3657,-3657,-3658,-3648,-3638,-3627,-3616,-3617,-3617,-3618,-3618,-3619,-3608,-3597,-3587,-3587,-3588,-3578,-3567,-3557,-3557,-3558,-3558,-3559,-3548,-3548,-3537,-3538,-3527,-3516,-3517,-3517,-3518,-3507,-3508,-3508,-3509,-3509,-3510,-3510,-3511,-3511,-3512,-3501,-3501,-3502,-3492,-3493,-3493,-3483,-3483,-3484,-3473,-3474,-3474,-3475,-3475,-3465,-3455,-3444,-3445,-3445,-3435,-3435,-3436,-3436,-3437,-3437,-3438,-3438,-3439,-3439,-3440,-3440,-3441,-3441,-3442,-3431,-3431,-3432,-3423,-3424,-3424,-3425,-3425,-3426,-3416,-3406,-3396,-3396,-3387,-3388,-3388,-3389,-3389,-3390,-3390,-3380,-3380,-3381,-3370,-3371,-3371,-3372,-3372,-3362,-3362,-3352,-3352,-3353,-3343,-3344,-3344,-3345,-3345,-3346,-3346,-3347,-3347,-3348,-3337,-3338,-3338,-3339,-3329,-3329,-3330,-3330,-3321,-3321,-3311,-3301,-3302,-3302,-3303,-3292,-3282,-3271,-3261,-3261,-3262,-3251,-3252,-3241,-3231,-3231,-3221,-3221,-3222,-3222,-3223,-3213,-3213,-3214,-3214,-3215,-3204,-3205,-3205,-3206,-3196,-3196,-3186,-3186,-3187,-3187,-3177,-3177,-3178,-3167,-3157,-3158,-3147,-3148,-3137,-3127,-3128,-3128,-3118,-3118,-3119,-3119,-3109,-3099,-3099,-3089,-3078,-3068,-3057,-3050,-3050,-3047,-3036,-3037,-3037,-3038,-3038,-3039,-3039,-3028,-3029,-3018,-3019,-3019,-3009,-3010,-3010,-3000,-3000,-3001,-3001,-3002,-3002,-3003,-2992,-2982,-2982,-2972,-2973,-2962,-2963,-2963,-2964,-2964,-2954,-2954,-2955,-2955,-2945,-2946,-2935,-2925,-2926,-2926,-2927,-2927,-2917,-2918,-2907,-2897,-2887,-2877,-2878,-2878,-2879,-2869,-2859,-2859,-2849,-2850,-2850,-2851,-2841,-2841,-2842,-2832,-2822,-2812,-2802,-2792,-2782,-2772,-2762,-2752,-2742,-2743,-2743,-2734,-2734,-2724,-2725,-2715,-2705,-2695,-2686,-2676,-2676,-2667,-2667,-2657,-2648,-2648,-2649,-2649,-2650,-2650,-2641,-2631,-2631,-2622,-2622,-2623,-2613,-2614,-2604,-2605,-2595,-2585,-2586,-2576,-2577,-2383,-2383,-2379,-2375,-2375,-2376,-2371,-2366,-2367,-2367,-2368,-2368,-2363,-2358,-2359,-2354,-2349,-2349,-2344,-2345,-2339,-2340,-2335,-2335,-2330,-2325,-2320,-2321,-2321,-2322,-2317,-2317,-2318,-2318,-2319,-2314,-2308,-2303,-2298,-2294,-2289,-2289,-2290,-2290,-2285,-2285,-2286,-2286,-2281,-2277,-2272,-2267,-2268,-2268,-2269,-2269,-2264,-2259,-2255,-2255,-2256,-2251,-2251,-2252,-2247,-2242,-2243,-2238,-2238,-2234,-2235,-2235,-2236,-2236,-2231,-2227,-2222,-2222,-2223,-2218,-2213,-2209,-2204,-2205,-2200,-2196,-2197,-2192,-2193,-2188,-2183,-2183,-2184,-2184,-2180,-2180,-2181,-2176,-2171,-2166,-2167,-2162,-2162,-2163,-2158,-2158,-2159,-2154,-2155,-2150,-2145,-2145,-2141,-2136,-2131,-2127,-2122,-2118,-2113,-2108,-2104,-2104,-2099,-2095,-2090,-2086,-2081,-2082,-2077,-2077,-2072,-2067,-2063,-2058,-2059,-2059,-2056,-2051,-2047,-2042,-2037,-2032,-2027,-2022,-2017,-2012,-2013,-2013,-2008,-2003,-1999,-1994,-1989,-1984,-1985,-1985,-1980,-1981,-1976,-1976,-1971,-1972,-1972,-1967,-1968,-1968,-1963,-1958,-1954,-1949,-1944,-1945,-1945,-1941,-1936,-1933,-1928,-1928,-1924,-1925,-1920,-1916,-1916,-1911,-1906,-1907,-1902,-1903,-1898,-1898,-1893,-1888,-1884,-1879,-1880,-1876,-1871,-1872,-1867,-1862,-1862,-1857,-1858,-1853,-1848,-1843,-1838,-1833,-1834,-1829,-1829,-1830,-1830,-1831,-1827,-1827,-1822,-1818,-1813,-1808,-1804,-1799,-1794,-1790,-1790,-1785,-1781,-1777,-1777,-1772,-1767,-1768,-1763,-1764,-1759,-1754,-1749,-1744,-1739,-1735,-1730,-1726,-1727,-1722,-1718,-1718,-1713,-1708,-1709,-1709,-1710,-1710,-1705,-1706,-1701,-1702,-1702,-1697,-1692,-1693,-1688,-1683,-1678,-1673,-1669,-1664,-1660,-1655,-1656,-1651,-1652,-1652,-1653,-1653,-1649,-1644,-1640,-1635,-1630,-1626,-1621,-1616,-1612,-1608,-1603,-1604,-1604,-1600,-1595,-1590,-1586,-1581,-1581,-1577,-1572,-1568,-1563,-1558,-1553,-1554,-1554,-1549,-1545,-1540,-1535,-1530,-1525,-1521,-1516,-1511,-1506,-1506,-1507,-1502,-1503,-1503,-1498,-1493,-1494,-1494,-1490,-1485,-1480,-1475,-1470,-1465,-1460,-1455,-1450,-1445,-1440,-1435,-1436,-1431,-1426,-1426,-1421,-1419,-1419,-1415,-1411,-1406,-1401,-1396,-1391,-1386,-1386,-1381,-1382,-1377,-1372,-1372,-1367,-1362,-1357,-1352,-1347,-1342,-1343,-1338,-1333,-1328,-1323,-1319,-1314,-1314,-1309,-1305,-1300,-1295,-1290,-1285,-1281,-1276,-1271,-1272,-1267,-1262,-1257,-1253,-1253,-1249,-1244,-1239,-1240,-1235,-1230,-1226,-1221,-1217,-1212,-1207,-1208,-1203,-1199,-1194,-1190,-1185,-1181,-987,-987,-987,-987,-987,-987,-987,-987,-987,-987,-987,-987,-987,-987,-987,-987,-987,-987,-987,-987,-987,-987,-986,-986,-986,-986,-986,-986,-986,-986,-986,-986,-986,-986,-986,-986,-986,-986,-986,-986,-986,-986,-986,-986,-986,-986,-986,-986,-986,-966,-946,-926,-907,-887,-867,-847,-827,-807,-787,-767,-747,-727,-707,-687,-668,-648,-628,-608,-588,-568,-549,-529,-509,-510,-490,-470,-450,-431,-411,-391,-371,-352,-332,-312,-293,-273,-253,-234,-214,-195,-175,-155,-136,-116,-97,-77,-58,-38,-19,0
-3767,-3768,-3768,-3769,-3769,-3770,-3770,-3771,-3771,-3772,-3772,-3773,-3773,-3774,-3774,-3775,-3775,-3776,-3776,-3777,-3777,-3778,-3778,-3779,-3779,-3780,-3780,-3781,-3781,-3782,-3782,-3783,-3783,-3784,-3784,-3785,-3785,-3786,-3787,-3787,-3788,-3788,-3789,-3789,-3790,-3790,-3791,-3791,-3792,-3792,-3793,-3793,-3794,-3794,-3795,-3795,-3796,-3796,-3797,-3787,-3787,-3788,-3788,-3777,-3778,-3778,-3779,-3767,-3768,-3768,-3769,-3770,-3770,-3771,-3771,-3772,-3772,-3773,-3773,-3774,-3774,-3775,-3775,-3776,-3776,-3777,-3777,-3778,-3778,-3779,-3779,-3780,-3780,-3781,-3781,-3782,-3770,-3771,-3771,-3772,-3772,-3773,-3761,-3750,-3751,-3751,-3752,-3752,-3753,-3753,-3754,-3754,-3755,-3755,-3756,-3756,-3757,-3758,-3758,-3759,-3759,-3760,-3748,-3749,-3749,-3738,-3738,-3739,-3739,-3728,-3729,-3718,-3719,-3719,-3708,-3709,-3709,-3710,-3710,-3711,-3711,-3712,-3712,-3713,-3713,-3714,-3714,-3715,-3704,-3693,-3694,-3694,-3695,-3695,-3685,-3686,-3686,-3687,-3687,-3688,-3688,-3689,-3689,-3690,-3690,-3691,-3691,-3692,-3693,-3683,-3683,-3684,-3684,-3685,-3685,-3686,-3686,-3687,-3687,-3688,-3688,-3689,-3679,-3679,-3680,-3680,-3681,-3681,-3682,-3682,-3672,-3672,-3673,-3673,-3674,-3674,-3675,-3675,-3676,-3666,-3666,-3667,-3667,-3657,-3646,-3636,-3625,-3626,-3626,-3627,-3627,-3628,-3617,-3606,-3596,-3597,-3597,-3587,-3576,-3565,-3566,-3566,-3567,-3567,-3556,-3557,-3546,-3547,-3536,-3525,-3526,-3526,-3527,-3516,-3516,-3517,-3517,-3518,-3518,-3519,-3519,-3520,-3520,-3511,-3511,-3512,-3501,-3502,-3502,-3492,-3492,-3493,-3482,-3483,-3483,-3484,-3484,-3475,-3464,-3453,-3454,-3454,-3443,-3444,-3444,-3445,-3445,-3446,-3446,-3447,-3447,-3448,-3448,-3449,-3449,-3450,-3450,-3442,-3442,-3443,-3433,-3434,-3434,-3435,-3435,-3436,-3426,-3415,-3406,-3407,-3396,-3397,-3397,-3398,-3398,-3399,-3399,-3389,-3389,-3390,-3379,-3380,-3380,-3381,-3381,-3371,-3371,-3362,-3362,-3363,-3352,-3353,-3353,-3354,-3354,-3355,-3355,-3356,-3356,-3357,-3347,-3347,-3348,-3348,-3339,-3339,-3340,-3340,-3330,-3331,-3320,-3310,-3311,-3311,-3312,-3301,-3291,-3280,-3270,-3270,-3271,-3260,-3261,-3250,-3240,-3240,-3230,-3231,-3231,-3232,-3232,-3222,-3222,-3223,-3223,-3224,-3214,-3214,-3215,-3215,-3205,-3205,-3195,-3195,-3196,-3196,-3186,-3186,-3187,-3177,-3166,-3167,-3156,-3157,-3147,-3136,-3137,-3137,-3127,-3127,-3128,-3129,-3118,-3108,-3108,-3098,-3087,-3077,-3069,-3066,-3066,-3055,-3045,-3045,-3046,-3046,-3047,-3047,-3048,-3037,-3038,-3027,-3028,-3029,-3018,-3019,-3019,-3009,-3009,-3010,-3010,-3011,-3011,-3012,-3001,-2991,-2991,-2981,-2982,-2971,-2972,-2972,-2973,-2973,-2963,-2964,-2964,-2965,-2954,-2955,-2945,-2935,-2935,-2936,-2936,-2937,-2926,-2927,-2917,-2907,-2897,-2887,-2887,-2888,-2888,-2878,-2868,-2869,-2858,-2859,-2860,-2860,-2850,-2851,-2851,-2841,-2831,-2821,-2811,-2801,-2792,-2782,-2772,-2762,-2752,-2753,-2753,-2743,-2744,-2734,-2734,-2725,-2715,-2705,-2695,-2686,-2686,-2676,-2677,-2667,-2657,-2658,-2658,-2659,-2659,-2660,-2650,-2641,-2641,-2632,-2632,-2633,-2623,-2624,-2614,-2615,-2605,-2595,-2596,-2586,-2587,-2398,-2399,-2394,-2390,-2390,-2391,-2386,-2381,-2381,-2382,-2382,-2383,-2378,-2373,-2373,-2368,-2363,-2363,-2358,-2359,-2354,-2354,-2349,-2350,-2345,-2340,-2335,-2335,-2336,-2336,-2331,-2331,-2332,-2332,-2333,-2328,-2323,-2318,-2313,-2308,-2303,-2303,-2304,-2304,-2299,-2300,-2300,-2301,-2296,-2291,-2287,-2282,-2282,-2283,-2283,-2284,-2279,-2274,-2269,-2270,-2270,-2265,-2266,-2266,-2262,-2257,-2257,-2253,-2254,-2249,-2249,-2250,-2250,-2251,-2246,-2241,-2236,-2237,-2237,-2233,-2229,-2224,-2219,-2220,-2216,-2211,-2212,-2207,-2207,-2202,-2198,-2198,-2199,-2199,-2194,-2195,-2195,-2191,-2186,-2181,-2181,-2176,-2177,-2177,-2173,-2173,-2174,-2169,-2169,-2164,-2160,-2160,-2155,-2151,-2146,-2142,-2137,-2132,-2127,-2123,-2118,-2119,-2114,-2109,-2105,-2101,-2096,-2096,-2091,-2092,-2087,-2082,-2078,-2074,-2075,-2075,-2071,-2066,-2061,-2056,-2051,-2046,-2041,-2037,-2032,-2027,-2027,-2028,-2023,-2018,-2013,-2009,-2004,-1999,-1999,-2000,-1995,-1995,-1990,-1991,-1986,-1986,-1987,-1982,-1982,-1983,-1978,-1973,-1969,-1964,-1959,-1960,-1960,-1955,-1952,-1947,-1943,-1944,-1939,-1939,-1935,-1930,-1931,-1926,-1921,-1922,-1917,-1917,-1912,-1913,-1908,-1903,-1899,-1895,-1896,-1891,-1886,-1886,-1881,-1876,-1877,-1872,-1872,-1868,-1863,-1858,-1853,-1848,-1848,-1844,-1845,-1845,-1846,-1846,-1841,-1842,-1837,-1832,-1828,-1823,-1819,-1814,-1809,-1804,-1805,-1800,-1796,-1791,-1792,-1787,-1782,-1783,-1778,-1778,-1773,-1769,-1764,-1759,-1754,-1750,-1746,-1741,-1741,-1737,-1732,-1733,-1728,-1723,-1723,-1724,-1724,-1725,-1720,-1721,-1716,-1716,-1717,-1712,-1707,-1708,-1703,-1698,-1693,-1688,-1684,-1679,-1675,-1670,-1671,-1666,-1667,-1667,-1668,-1668,-1664,-1659,-1654,-1650,-1645,-1640,-1636,-1632,-1627,-1623,-1618,-1619,-1619,-1615,-1610,-1605,-1600,-1596,-1596,-1592,-1587,-1582,-1577,-1573,-1568,-1568,-1569,-1564,-1559,-1555,-1550,-1545,-1540,-1535,-1530,-1525,-1521,-1521,-1522,-1517,-1517,-1518,-1513,-1508,-1508,-1509,-1504,-1499,-1494,-1490,-1485,-1480,-1475,-1470,-1465,-1460,-1455,-1450,-1450,-1445,-1440,-1441,-1439,-1439,-1435,-1430,-1425,-1420,-1415,-1410,-1405,-1400,-1401,-1396,-1396,-1391,-1386,-1387,-1382,-1377,-1372,-1367,-1362,-1357,-1358,-1353,-1348,-1343,-1338,-1333,-1328,-1329,-1324,-1319,-1314,-1310,-1305,-1300,-1295,-1291,-1286,-1286,-1282,-1277,-1272,-1267,-1268,-1263,-1259,-1254,-1255,-1250,-1245,-1241,-1236,-1231,-1227,-1222,-1223,-1218,-1214,-1209,-1205,-1200,-1196,-1006,-1006,-1006,-1006,-1006,-1006,-1006,-1006,-1006,-1006,-1006,-1006,-1006,-1006,-1006,-1006,-1006,-1006,-1006,-1006,-1006,-1006,-1006,-1006,-1006,-1006,-1006,-1006,-1006,-1006,-1006,-1006,-1006,-1006,-1006,-1006,-1006,-1006,-1006,-1006,-1006,-1006,-1006,-1006,-1006,-1006,-1005,-985,-986,-966,-946,-926,-906,-886,-866,-846,-826,-806,-786,-767,-747,-727,-707,-687,-667,-647,-628,-608,-588,-568,-548,-529,-509,-509,-489,-470,-450,-430,-411,-391,-371,-352,-332,-312,-293,-273,-253,-234,-214,-194,-175,-155,-136,-116,-97,-77,-58,-38,-18,0
-3776,-3777,-3777,-3778,-3778,-3779,-3779,-3780,-3780,-3781,-3781,-3782,-3782,-3783,-3783,-3784,-3784,-3785,-3785,-3786,-3786,-3787,-3787,-3788,-3789,-3789,-3790,-3790,-3791,-3791,-3792,-3792,-3793,-3793,-3794,-3794,-3795,-3795,-3796,-3796,-3797,-3797,-3798,-3798,-3799,-3799,-3800,-3800,-3801,-3802,-3802,-3803,-3803,-3804,-3804,-3805,-3805,-3806,-3806,-3795,-3796,-3796,-3797,-3785,-3786,-3786,-3787,-3775,-3776,-3776,-3777,-3777,-3778,-3778,-3779,-3779,-3780,-3781,-3781,-3782,-3782,-3783,-3783,-3784,-3784,-3785,-3785,-3786,-3786,-3787,-3787,-3788,-3788,-3789,-3789,-3790,-3778,-3779,-3779,-3780,-3780,-3781,-3770,-3758,-3759,-3759,-3760,-3760,-3761,-3761,-3762,-3762,-3763,-3763,-3764,-3764,-3765,-3766,-3766,-3767,-3767,-3768,-3756,-3757,-3757,-3746,-3747,-3747,-3748,-3737,-3738,-3727,-3727,-3728,-3717,-3717,-3718,-3718,-3719,-3719,-3720,-3720,-3721,-3721,-3722,-3722,-3723,-3723,-3713,-3703,-3703,-3704,-3704,-3705,-3695,-3695,-3696,-3697,-3697,-3698,-3698,-3699,-3699,-3700,-3700,-3701,-3701,-3702,-3702,-3692,-3693,-3693,-3694,-3694,-3695,-3695,-3696,-3696,-3697,-3697,-3698,-3698,-3688,-3688,-3689,-3689,-3690,-3690,-3691,-3691,-3681,-3682,-3682,-3683,-3683,-3684,-3684,-3685,-3685,-3675,-3676,-3676,-3677,-3666,-3655,-3645,-3634,-3634,-3635,-3635,-3636,-3636,-3626,-3616,-3605,-3606,-3606,-3596,-3585,-3574,-3574,-3575,-3575,-3576,-3565,-3565,-3555,-3555,-3545,-3534,-3534,-3535,-3535,-3526,-3526,-3527,-3527,-3528,-3528,-3529,-3529,-3530,-3530,-3520,-3520,-3521,-3510,-3511,-3511,-3501,-3501,-3502,-3492,-3493,-3493,-3494,-3494,-3483,-3473,-3462,-3462,-3463,-3454,-3454,-3455,-3455,-3456,-3456,-3457,-3457,-3458,-3458,-3459,-3459,-3460,-3460,-3461,-3452,-3452,-3453,-3443,-3443,-3444,-3444,-3445,-3445,-3435,-3426,-3415,-3416,-3405,-3406,-3406,-3407,-3407,-3408,-3408,-3398,-3398,-3399,-3388,-3389,-3389,-3390,-3390,-3381,-3381,-3371,-3371,-3372,-3362,-3362,-3363,-3363,-3364,-3364,-3365,-3365,-3366,-3366,-3357,-3357,-3358,-3358,-3348,-3349,-3349,-3350,-3339,-3340,-3330,-3319,-3320,-3320,-3321,-3310,-3300,-3289,-3279,-3279,-3280,-3269,-3270,-3259,-3249,-3250,-3239,-3240,-3240,-3241,-3241,-3231,-3232,-3232,-3233,-3233,-3223,-3223,-3224,-3224,-3214,-3214,-3204,-3204,-3205,-3205,-3195,-3196,-3196,-3186,-3175,-3176,-3165,-3166,-3156,-3145,-3146,-3146,-3136,-3137,-3137,-3138,-3127,-3117,-3117,-3107,-3096,-3089,-3085,-3074,-3075,-3064,-3054,-3054,-3055,-3055,-3056,-3056,-3057,-3046,-3047,-3036,-3037,-3038,-3027,-3028,-3028,-3018,-3018,-3019,-3019,-3020,-3020,-3021,-3010,-3000,-3001,-2990,-2991,-2981,-2981,-2982,-2982,-2983,-2972,-2973,-2973,-2974,-2964,-2964,-2954,-2944,-2944,-2945,-2945,-2946,-2936,-2936,-2926,-2916,-2906,-2896,-2896,-2897,-2898,-2887,-2877,-2878,-2868,-2868,-2869,-2870,-2860,-2860,-2861,-2851,-2841,-2831,-2821,-2811,-2801,-2791,-2781,-2771,-2762,-2762,-2763,-2753,-2753,-2744,-2744,-2734,-2725,-2715,-2705,-2695,-2696,-2686,-2687,-2677,-2667,-2668,-2668,-2669,-2669,-2670,-2660,-2651,-2651,-2642,-2642,-2643,-2633,-2633,-2624,-2624,-2615,-2605,-2606,-2596,-2597,-2413,-2414,-2409,-2404,-2405,-2405,-2400,-2395,-2396,-2396,-2397,-2397,-2392,-2387,-2388,-2382,-2377,-2378,-2373,-2373,-2368,-2369,-2364,-2364,-2359,-2354,-2349,-2349,-2350,-2350,-2345,-2346,-2346,-2347,-2347,-2342,-2337,-2333,-2327,-2322,-2317,-2318,-2318,-2319,-2314,-2315,-2315,-2316,-2311,-2306,-2301,-2296,-2297,-2297,-2298,-2298,-2294,-2289,-2284,-2284,-2285,-2280,-2281,-2281,-2276,-2272,-2273,-2268,-2268,-2264,-2264,-2265,-2265,-2266,-2261,-2256,-2251,-2252,-2252,-2248,-2243,-2239,-2235,-2235,-2231,-2226,-2226,-2221,-2222,-2217,-2212,-2213,-2213,-2214,-2209,-2210,-2210,-2205,-2200,-2195,-2196,-2191,-2192,-2192,-2187,-2188,-2188,-2183,-2184,-2179,-2174,-2175,-2170,-2166,-2161,-2156,-2152,-2147,-2143,-2138,-2133,-2134,-2129,-2124,-2120,-2115,-2110,-2111,-2106,-2106,-2102,-2097,-2094,-2089,-2090,-2090,-2086,-2081,-2076,-2071,-2066,-2061,-2056,-2051,-2046,-2041,-2042,-2042,-2038,-2033,-2028,-2023,-2018,-2013,-2014,-2014,-2009,-2010,-2005,-2005,-2000,-2001,-2001,-1996,-1997,-1997,-1993,-1988,-1983,-1979,-1974,-1974,-1975,-1972,-1967,-1963,-1958,-1958,-1954,-1955,-1950,-1945,-1945,-1940,-1936,-1936,-1931,-1932,-1927,-1927,-1923,-1918,-1915,-1910,-1910,-1905,-1900,-1901,-1896,-1891,-1891,-1886,-1887,-1882,-1877,-1872,-1867,-1863,-1864,-1859,-1859,-1860,-1860,-1861,-1856,-1857,-1852,-1847,-1843,-1838,-1833,-1829,-1824,-1819,-1820,-1816,-1811,-1806,-1806,-1802,-1797,-1797,-1792,-1793,-1788,-1783,-1778,-1773,-1769,-1765,-1760,-1756,-1757,-1752,-1747,-1747,-1742,-1737,-1738,-1738,-1739,-1739,-1735,-1735,-1730,-1731,-1731,-1726,-1722,-1722,-1717,-1712,-1708,-1703,-1698,-1694,-1690,-1685,-1686,-1681,-1682,-1682,-1683,-1683,-1679,-1674,-1669,-1665,-1660,-1655,-1651,-1647,-1642,-1638,-1633,-1634,-1634,-1629,-1625,-1620,-1615,-1611,-1611,-1606,-1602,-1597,-1592,-1587,-1583,-1583,-1584,-1579,-1574,-1569,-1564,-1560,-1555,-1550,-1545,-1540,-1535,-1536,-1536,-1531,-1532,-1532,-1527,-1523,-1523,-1524,-1519,-1514,-1509,-1504,-1499,-1494,-1489,-1484,-1479,-1474,-1469,-1464,-1465,-1460,-1458,-1458,-1458,-1454,-1450,-1445,-1440,-1435,-1430,-1425,-1420,-1415,-1415,-1410,-1411,-1406,-1401,-1401,-1396,-1391,-1386,-1381,-1376,-1372,-1372,-1367,-1362,-1357,-1353,-1348,-1343,-1343,-1339,-1334,-1329,-1324,-1320,-1315,-1310,-1305,-1301,-1301,-1296,-1292,-1287,-1282,-1283,-1278,-1274,-1269,-1269,-1265,-1260,-1256,-1251,-1246,-1242,-1237,-1238,-1233,-1229,-1224,-1220,-1215,-1211,-1026,-1026,-1026,-1026,-1026,-1026,-1026,-1026,-1026,-1026,-1026,-1026,-1026,-1026,-1026,-1026,-1026,-1026,-1025,-1025,-1025,-1025,-1025,-1025,-1025,-1025,-1025,-1025,-1025,-1025,-1025,-1025,-1025,-1025,-1025,-1025,-1025,-1025,-1025,-1025,-1025,-1025,-1025,-1025,-1025,-1025,-1005,-985,-985,-965,-945,-926,-906,-886,-866,-846,-826,-806,-786,-766,-746,-726,-706,-687,-667,-647,-627,-607,-588,-568,-548,-528,-508,-509,-489,-470,-450,-430,-410,-391,-371,-351,-332,-312,-292,-273,-253,-234,-214,-194,-175,-155,-136,-116,-97,-77,-57,-38,-18,0
-3784,-3784,-3785,-3785,-3786,-3786,-3787,-3787,-3788,-3789,-3789,-3790,-3790,-3791,-3791,-3792,-3792,-3793,-3793,-3794,-3794,-3795,-3795,-3796,-3796,-3797,-3798,-3798,-3799,-3799,-3800,-3800,-3801,-3801,-3802,-3802,-3803,-3803,-3804,-3804,-3805,-3806,-3806,-3807,-3807,-3808,-3808,-3809,-3809,-3810,-3810,-3811,-3811,-3812,-3812,-3813,-3813,-3814,-3815,-3803,-3804,-3804,-3805,-3793,-3794,-3794,-3795,-3783,-3783,-3784,-3784,-3785,-3786,-3786,-3787,-3787,-3788,-3788,-3789,-3789,-3790,-3790,-3791,-3791,-3792,-3792,-3793,-3793,-3794,-3795,-3795,-3796,-3796,-3797,-3797,-3798,-3787,-3787,-3788,-3788,-3789,-3789,-3778,-3766,-3767,-3767,-3768,-3768,-3769,-3769,-3770,-3770,-3771,-3771,-3772,-3773,-3773,-3774,-3774,-3775,-3775,-3776,-3764,-3765,-3766,-3755,-3756,-3756,-3757,-3746,-3746,-3735,-3736,-3736,-3725,-3726,-3726,-3727,-3727,-3728,-3728,-3729,-3729,-3730,-3730,-3731,-3732,-3732,-3722,-3712,-3713,-3713,-3714,-3714,-3704,-3705,-3705,-3706,-3706,-3707,-3707,-3708,-3708,-3709,-3709,-3710,-3711,-3711,-3712,-3701,-3701,-3702,-3702,-3703,-3703,-3704,-3704,-3705,-3706,-3706,-3707,-3707,-3697,-3698,-3698,-3699,-3699,-3700,-3700,-3701,-3690,-3691,-3691,-3692,-3692,-3693,-3694,-3694,-3695,-3684,-3684,-3685,-3685,-3675,-3664,-3653,-3643,-3643,-3644,-3644,-3645,-3645,-3635,-3624,-3614,-3614,-3615,-3604,-3593,-3582,-3583,-3583,-3584,-3584,-3574,-3574,-3563,-3564,-3553,-3544,-3544,-3545,-3545,-3534,-3535,-3535,-3536,-3537,-3537,-3538,-3538,-3539,-3539,-3529,-3529,-3530,-3519,-3520,-3520,-3510,-3511,-3512,-3501,-3501,-3502,-3502,-3503,-3492,-3481,-3472,-3473,-3473,-3464,-3464,-3465,-3465,-3466,-3466,-3467,-3467,-3468,-3468,-3469,-3470,-3470,-3471,-3471,-3461,-3461,-3462,-3451,-3452,-3452,-3453,-3454,-3454,-3445,-3435,-3424,-3425,-3414,-3415,-3415,-3416,-3416,-3417,-3417,-3407,-3407,-3408,-3398,-3399,-3399,-3400,-3400,-3390,-3390,-3380,-3381,-3381,-3371,-3372,-3372,-3373,-3374,-3374,-3375,-3375,-3376,-3376,-3366,-3367,-3367,-3368,-3357,-3358,-3358,-3359,-3348,-3349,-3338,-3328,-3329,-3329,-3330,-3319,-3309,-3298,-3288,-3288,-3289,-3278,-3279,-3269,-3258,-3259,-3248,-3249,-3249,-3250,-3251,-3240,-3241,-3241,-3242,-3242,-3232,-3232,-3233,-3233,-3223,-3223,-3213,-3213,-3214,-3214,-3204,-3205,-3205,-3195,-3184,-3185,-3175,-3175,-3165,-3154,-3155,-3155,-3145,-3146,-3146,-3147,-3136,-3126,-3126,-3116,-3108,-3105,-3094,-3083,-3084,-3073,-3063,-3063,-3064,-3064,-3065,-3065,-3066,-3055,-3056,-3045,-3046,-3047,-3036,-3037,-3037,-3027,-3027,-3028,-3028,-3029,-3029,-3030,-3020,-3009,-3010,-2999,-3000,-2990,-2990,-2991,-2991,-2992,-2982,-2982,-2983,-2983,-2973,-2974,-2963,-2953,-2954,-2954,-2955,-2955,-2945,-2946,-2936,-2926,-2915,-2905,-2906,-2906,-2907,-2897,-2887,-2887,-2877,-2878,-2878,-2879,-2869,-2870,-2870,-2860,-2850,-2840,-2830,-2821,-2811,-2801,-2791,-2781,-2771,-2772,-2772,-2763,-2763,-2753,-2754,-2744,-2734,-2725,-2715,-2705,-2706,-2696,-2696,-2687,-2677,-2678,-2678,-2679,-2679,-2680,-2670,-2660,-2661,-2651,-2652,-2652,-2643,-2643,-2634,-2634,-2625,-2615,-2616,-2606,-2607,-2428,-2429,-2424,-2419,-2419,-2420,-2415,-2410,-2410,-2411,-2411,-2412,-2407,-2401,-2402,-2397,-2392,-2392,-2387,-2388,-2382,-2383,-2378,-2379,-2374,-2368,-2363,-2364,-2364,-2365,-2360,-2360,-2361,-2361,-2362,-2357,-2352,-2347,-2342,-2337,-2332,-2333,-2333,-2334,-2329,-2329,-2330,-2330,-2326,-2321,-2316,-2311,-2311,-2312,-2313,-2313,-2308,-2303,-2298,-2299,-2300,-2295,-2295,-2296,-2292,-2287,-2287,-2282,-2283,-2278,-2279,-2279,-2280,-2280,-2275,-2271,-2266,-2267,-2267,-2263,-2258,-2254,-2250,-2250,-2245,-2240,-2241,-2236,-2236,-2231,-2227,-2228,-2228,-2229,-2224,-2224,-2225,-2220,-2215,-2210,-2210,-2206,-2206,-2207,-2202,-2202,-2203,-2198,-2199,-2194,-2189,-2190,-2185,-2181,-2176,-2171,-2166,-2162,-2157,-2153,-2148,-2148,-2144,-2139,-2135,-2130,-2125,-2125,-2120,-2121,-2117,-2113,-2109,-2104,-2105,-2105,-2100,-2095,-2090,-2085,-2080,-2075,-2071,-2066,-2061,-2056,-2057,-2057,-2052,-2047,-2043,-2038,-2033,-2027,-2028,-2029,-2023,-2024,-2019,-2020,-2015,-2015,-2016,-2011,-2011,-2012,-2008,-2003,-1998,-1993,-1990,-1990,-1991,-1986,-1982,-1977,-1973,-1973,-1969,-1969,-1964,-1959,-1960,-1955,-1950,-1951,-1946,-1946,-1942,-1942,-1938,-1934,-1929,-1924,-1925,-1920,-1915,-1915,-1910,-1905,-1906,-1901,-1901,-1897,-1892,-1887,-1883,-1878,-1878,-1874,-1874,-1875,-1875,-1876,-1871,-1871,-1867,-1862,-1858,-1853,-1848,-1843,-1839,-1835,-1835,-1830,-1825,-1821,-1821,-1816,-1811,-1812,-1807,-1808,-1803,-1798,-1793,-1789,-1785,-1780,-1776,-1771,-1771,-1766,-1761,-1762,-1757,-1752,-1753,-1753,-1754,-1754,-1749,-1750,-1745,-1745,-1746,-1741,-1736,-1737,-1732,-1727,-1723,-1718,-1714,-1709,-1705,-1700,-1701,-1696,-1696,-1697,-1697,-1698,-1693,-1689,-1684,-1679,-1675,-1671,-1666,-1662,-1657,-1653,-1648,-1648,-1649,-1644,-1639,-1635,-1630,-1625,-1626,-1621,-1616,-1612,-1607,-1602,-1597,-1598,-1598,-1594,-1589,-1584,-1579,-1574,-1569,-1564,-1560,-1555,-1550,-1550,-1551,-1546,-1546,-1547,-1542,-1537,-1538,-1538,-1533,-1529,-1524,-1519,-1514,-1509,-1504,-1499,-1494,-1489,-1484,-1479,-1479,-1477,-1477,-1478,-1473,-1469,-1464,-1459,-1454,-1449,-1444,-1439,-1434,-1429,-1430,-1425,-1425,-1420,-1415,-1416,-1411,-1406,-1401,-1396,-1391,-1386,-1387,-1382,-1377,-1372,-1367,-1362,-1358,-1358,-1353,-1349,-1344,-1339,-1334,-1329,-1325,-1320,-1315,-1316,-1311,-1306,-1302,-1297,-1298,-1293,-1288,-1284,-1284,-1280,-1275,-1270,-1266,-1261,-1257,-1252,-1253,-1248,-1244,-1239,-1235,-1230,-1226,-1045,-1045,-1045,-1045,-1045,-1045,-1045,-1045,-1045,-1045,-1045,-1045,-1045,-1045,-1045,-1045,-1045,-1045,-1045,-1045,-1045,-1045,-1045,-1045,-1045,-1045,-1045,-1045,-1045,-1045,-1045,-1045,-1045,-1045,-1045,-1045,-1045,-1045,-1045,-1045,-1045,-1044,-1044,-1044,-1044,-1024,-1004,-984,-985,-965,-945,-925,-905,-885,-865,-845,-825,-805,-786,-766,-746,-726,-706,-686,-666,-647,-627,-607,-587,-567,-548,-528,-508,-509,-489,-469,-450,-430,-410,-390,-371,-351,-331,-312,-292,-273,-253,-233,-214,-194,-175,-155,-136,-116,-96,-77,-57,-38,-18,0
-3791,-3792,-3792,-3793,-3794,-3794,-3795,-3795,-3796,-3796,-3797,-3797,-3798,-3798,-3799,-3800,-3800,-3801,-3801,-3802,-3802,-3803,-3803,-3804,-3804,-3805,-3805,-3806,-3807,-3807,-3808,-3808,-3809,-3809,-3810,-3810,-3811,-3811,-3812,-3812,-3813,-3814,-3814,-3815,-3815,-3816,-3816,-3817,-3817,-3818,-3818,-3819,-3819,-3820,-3821,-3821,-3822,-3822,-3823,-3811,-3812,-3812,-3813,-3801,-3801,-3802,-3802,-3791,-3792,-3792,-3793,-3793,-3794,-3794,-3795,-3795,-3796,-3796,-3797,-3797,-3798,-3799,-3799,-3800,-3800,-3801,-3801,-3802,-3802,-3803,-3803,-3804,-3805,-3805,-3806,-3806,-3794,-3795,-3796,-3796,-3797,-3797,-3786,-3774,-3775,-3775,-3776,-3776,-3777,-3777,-3778,-3779,-3779,-3780,-3780,-3781,-3781,-3782,-3782,-3783,-3783,-3784,-3773,-3774,-3774,-3764,-3764,-3765,-3765,-3754,-3754,-3744,-3744,-3745,-3735,-3735,-3736,-3736,-3737,-3737,-3738,-3738,-3739,-3740,-3740,-3741,-3741,-3742,-3732,-3721,-3722,-3723,-3723,-3724,-3713,-3713,-3714,-3714,-3715,-3715,-3716,-3716,-3717,-3718,-3718,-3719,-3719,-3720,-3720,-3710,-3711,-3711,-3712,-3712,-3713,-3713,-3714,-3714,-3715,-3715,-3716,-3716,-3706,-3707,-3707,-3708,-3708,-3709,-3709,-3710,-3699,-3699,-3700,-3700,-3701,-3702,-3702,-3703,-3703,-3693,-3693,-3694,-3694,-3683,-3673,-3662,-3652,-3653,-3653,-3654,-3654,-3655,-3644,-3633,-3622,-3623,-3624,-3613,-3602,-3591,-3591,-3592,-3593,-3593,-3582,-3583,-3572,-3573,-3563,-3552,-3553,-3553,-3554,-3543,-3544,-3544,-3545,-3545,-3546,-3547,-3547,-3548,-3548,-3538,-3538,-3539,-3529,-3529,-3530,-3519,-3520,-3520,-3509,-3510,-3510,-3511,-3511,-3501,-3492,-3482,-3483,-3483,-3473,-3473,-3474,-3474,-3475,-3476,-3476,-3477,-3477,-3478,-3478,-3479,-3479,-3480,-3480,-3470,-3470,-3471,-3462,-3462,-3463,-3463,-3464,-3464,-3454,-3444,-3433,-3434,-3423,-3423,-3424,-3425,-3425,-3426,-3426,-3417,-3417,-3418,-3407,-3408,-3408,-3409,-3409,-3399,-3399,-3390,-3390,-3391,-3381,-3381,-3382,-3382,-3383,-3384,-3384,-3385,-3385,-3386,-3375,-3376,-3376,-3377,-3366,-3367,-3367,-3368,-3357,-3358,-3347,-3337,-3338,-3338,-3339,-3328,-3318,-3307,-3297,-3297,-3298,-3288,-3288,-3278,-3267,-3268,-3257,-3258,-3258,-3259,-3259,-3249,-3250,-3250,-3251,-3251,-3241,-3241,-3242,-3242,-3232,-3232,-3222,-3223,-3223,-3224,-3213,-3214,-3214,-3204,-3194,-3194,-3184,-3184,-3174,-3163,-3164,-3165,-3154,-3155,-3155,-3156,-3145,-3135,-3135,-3128,-3124,-3113,-3103,-3092,-3093,-3082,-3072,-3072,-3073,-3073,-3074,-3074,-3075,-3064,-3065,-3054,-3055,-3056,-3045,-3046,-3046,-3036,-3036,-3037,-3037,-3038,-3039,-3039,-3029,-3018,-3019,-3009,-3009,-2999,-2999,-3000,-3001,-3001,-2991,-2991,-2992,-2992,-2982,-2983,-2973,-2962,-2963,-2964,-2964,-2965,-2955,-2955,-2945,-2935,-2925,-2915,-2915,-2916,-2916,-2906,-2896,-2897,-2887,-2887,-2888,-2889,-2879,-2879,-2880,-2870,-2860,-2850,-2840,-2830,-2820,-2810,-2801,-2791,-2781,-2781,-2782,-2772,-2773,-2763,-2763,-2754,-2744,-2734,-2725,-2715,-2715,-2706,-2706,-2696,-2687,-2687,-2688,-2688,-2689,-2690,-2680,-2670,-2671,-2661,-2662,-2662,-2653,-2653,-2644,-2644,-2635,-2625,-2626,-2616,-2617,-2442,-2443,-2438,-2433,-2434,-2434,-2429,-2424,-2424,-2425,-2425,-2426,-2421,-2416,-2416,-2411,-2406,-2407,-2401,-2402,-2397,-2398,-2392,-2393,-2388,-2383,-2377,-2378,-2379,-2379,-2374,-2375,-2375,-2376,-2376,-2372,-2366,-2361,-2356,-2352,-2347,-2347,-2348,-2348,-2343,-2344,-2344,-2345,-2340,-2335,-2330,-2325,-2326,-2327,-2327,-2328,-2323,-2318,-2313,-2314,-2314,-2310,-2311,-2311,-2306,-2301,-2302,-2297,-2298,-2293,-2293,-2294,-2294,-2295,-2290,-2286,-2281,-2282,-2282,-2278,-2274,-2269,-2264,-2265,-2260,-2255,-2255,-2250,-2251,-2246,-2241,-2242,-2243,-2243,-2238,-2239,-2239,-2234,-2229,-2225,-2225,-2220,-2221,-2221,-2217,-2217,-2218,-2213,-2213,-2209,-2204,-2205,-2200,-2195,-2191,-2186,-2181,-2177,-2172,-2167,-2163,-2163,-2159,-2154,-2149,-2144,-2139,-2140,-2136,-2136,-2133,-2128,-2123,-2119,-2119,-2120,-2115,-2110,-2105,-2100,-2095,-2090,-2085,-2080,-2076,-2071,-2071,-2072,-2067,-2062,-2057,-2052,-2047,-2042,-2042,-2043,-2038,-2039,-2034,-2034,-2029,-2030,-2030,-2026,-2027,-2027,-2022,-2018,-2013,-2009,-2005,-2005,-2006,-2002,-1997,-1992,-1988,-1988,-1983,-1984,-1979,-1974,-1975,-1970,-1965,-1965,-1960,-1961,-1956,-1957,-1954,-1949,-1944,-1939,-1939,-1934,-1929,-1930,-1925,-1920,-1920,-1915,-1916,-1911,-1906,-1902,-1897,-1892,-1893,-1888,-1889,-1889,-1890,-1890,-1886,-1886,-1882,-1877,-1872,-1868,-1863,-1858,-1854,-1849,-1850,-1845,-1840,-1835,-1836,-1831,-1826,-1826,-1822,-1822,-1817,-1812,-1808,-1804,-1799,-1795,-1790,-1785,-1786,-1781,-1776,-1776,-1771,-1767,-1767,-1768,-1768,-1769,-1764,-1764,-1760,-1760,-1761,-1756,-1751,-1751,-1747,-1742,-1737,-1733,-1729,-1724,-1719,-1715,-1715,-1711,-1711,-1712,-1712,-1713,-1708,-1704,-1699,-1694,-1690,-1686,-1681,-1677,-1672,-1667,-1663,-1663,-1664,-1659,-1654,-1650,-1645,-1640,-1641,-1636,-1631,-1626,-1622,-1617,-1612,-1612,-1613,-1608,-1603,-1598,-1594,-1589,-1584,-1579,-1574,-1569,-1564,-1565,-1565,-1561,-1561,-1562,-1557,-1552,-1552,-1553,-1548,-1543,-1538,-1533,-1528,-1523,-1518,-1513,-1508,-1503,-1498,-1496,-1497,-1496,-1492,-1493,-1489,-1484,-1479,-1474,-1469,-1463,-1458,-1453,-1448,-1443,-1444,-1439,-1440,-1435,-1430,-1430,-1425,-1420,-1415,-1411,-1406,-1401,-1401,-1396,-1392,-1387,-1382,-1377,-1372,-1373,-1368,-1363,-1358,-1354,-1349,-1344,-1339,-1335,-1330,-1331,-1326,-1321,-1317,-1312,-1312,-1308,-1303,-1299,-1299,-1294,-1290,-1285,-1281,-1276,-1272,-1267,-1268,-1263,-1259,-1254,-1250,-1245,-1241,-1065,-1065,-1065,-1065,-1065,-1065,-1065,-1065,-1065,-1064,-1064,-1064,-1064,-1064,-1064,-1064,-1064,-1064,-1064,-1064,-1064,-1064,-1064,-1064,-1064,-1064,-1064,-1064,-1064,-1064,-1064,-1064,-1064,-1064,-1064,-1064,-1064,-1064,-1064,-1064,-1064,-1064,-1064,-1064,-1044,-1024,-1004,-984,-984,-964,-944,-925,-905,-885,-865,-845,-825,-805,-785,-765,-745,-726,-706,-686,-666,-646,-626,-607,-587,-567,-547,-528,-508,-508,-489,-469,-449,-430,-410,-390,-371,-351,-331,-312,-292,-272,-253,-233,-214,-194,-175,-155,-135,-116,-96,-77,-57,-38,-18,0
-3799,-3799,-3800,-3800,-3801,-3801,-3802,-3802,-3803,-3804,-3804,-3805,-3805,-3806,-3806,-3807,-3807,-3808,-3808,-3809,-3810,-3810,-3811,-3811,-3812,-3812,-3813,-3813,-3814,-3815,-3815,-3816,-3816,-3817,-3817,-3818,-3818,-3819,-3819,-3820,-3821,-3821,-3822,-3822,-3823,-3823,-3824,-3824,-3825,-3826,-3826,-3827,-3827,-3828,-3828,-3829,-3829,-3830,-3830,-3819,-3819,-3820,-3820,-3809,-3809,-3810,-3810,-3799,-3799,-3800,-3800,-3801,-3801,-3802,-3802,-3803,-3803,-3804,-3805,-3805,-3806,-3806,-3807,-3807,-3808,-3808,-3809,-3810,-3810,-3811,-3811,-3812,-3812,-3813,-3813,-3814,-3802,-3803,-3803,-3804,-3805,-3805,-3794,-3783,-3784,-3784,-3785,-3785,-3786,-3786,-3787,-3787,-3788,-3788,-3789,-3790,-3790,-3791,-3791,-3792,-3792,-3793,-3782,-3782,-3783,-3772,-3772,-3773,-3773,-3762,-3763,-3753,-3754,-3754,-3744,-3745,-3745,-3746,-3746,-3747,-3747,-3748,-3748,-3749,-3750,-3750,-3751,-3751,-3741,-3730,-3730,-3731,-3732,-3732,-3722,-3722,-3723,-3723,-3724,-3724,-3725,-3726,-3726,-3727,-3727,-3728,-3728,-3729,-3729,-3719,-3719,-3720,-3721,-3721,-3722,-3722,-3723,-3723,-3724,-3724,-3725,-3725,-3714,-3715,-3716,-3716,-3717,-3717,-3718,-3718,-3708,-3708,-3709,-3709,-3710,-3710,-3711,-3711,-3712,-3701,-3702,-3702,-3703,-3692,-3682,-3672,-3661,-3661,-3662,-3662,-3663,-3663,-3653,-3642,-3631,-3632,-3632,-3621,-3610,-3600,-3600,-3601,-3601,-3602,-3591,-3592,-3582,-3582,-3572,-3561,-3562,-3562,-3563,-3552,-3553,-3553,-3554,-3554,-3555,-3555,-3556,-3557,-3557,-3547,-3548,-3548,-3537,-3538,-3538,-3528,-3528,-3529,-3518,-3518,-3519,-3520,-3520,-3511,-3502,-3491,-3492,-3492,-3482,-3482,-3483,-3483,-3484,-3484,-3485,-3485,-3486,-3486,-3487,-3488,-3488,-3489,-3489,-3480,-3481,-3481,-3471,-3471,-3472,-3473,-3473,-3474,-3463,-3452,-3442,-3442,-3433,-3433,-3434,-3434,-3435,-3435,-3436,-3425,-3426,-3427,-3416,-3417,-3417,-3418,-3418,-3409,-3409,-3399,-3400,-3400,-3390,-3390,-3391,-3391,-3392,-3392,-3393,-3394,-3394,-3395,-3384,-3385,-3385,-3386,-3375,-3376,-3376,-3377,-3366,-3367,-3356,-3346,-3346,-3347,-3348,-3337,-3327,-3316,-3306,-3306,-3307,-3297,-3297,-3287,-3276,-3277,-3266,-3267,-3267,-3268,-3268,-3258,-3258,-3259,-3260,-3260,-3250,-3250,-3251,-3251,-3241,-3241,-3231,-3232,-3232,-3233,-3222,-3223,-3223,-3213,-3203,-3203,-3193,-3193,-3183,-3172,-3173,-3173,-3163,-3163,-3164,-3165,-3154,-3146,-3147,-3143,-3133,-3122,-3112,-3101,-3102,-3091,-3081,-3081,-3082,-3082,-3083,-3083,-3084,-3073,-3074,-3063,-3064,-3065,-3054,-3055,-3055,-3045,-3045,-3046,-3047,-3047,-3048,-3048,-3038,-3028,-3028,-3018,-3018,-3008,-3009,-3009,-3010,-3010,-3000,-3001,-3001,-3002,-2992,-2992,-2982,-2972,-2972,-2973,-2973,-2974,-2964,-2964,-2954,-2944,-2934,-2924,-2925,-2925,-2926,-2916,-2906,-2906,-2896,-2897,-2897,-2898,-2888,-2889,-2889,-2879,-2869,-2859,-2850,-2840,-2830,-2820,-2810,-2800,-2791,-2791,-2792,-2782,-2782,-2773,-2773,-2763,-2754,-2744,-2734,-2725,-2725,-2715,-2716,-2706,-2697,-2697,-2698,-2698,-2699,-2699,-2690,-2680,-2681,-2671,-2672,-2672,-2663,-2663,-2654,-2654,-2645,-2635,-2636,-2626,-2627,-2457,-2458,-2453,-2447,-2448,-2448,-2443,-2438,-2439,-2439,-2440,-2440,-2435,-2430,-2431,-2425,-2420,-2421,-2416,-2417,-2411,-2412,-2407,-2407,-2402,-2397,-2392,-2393,-2393,-2394,-2389,-2389,-2390,-2390,-2391,-2386,-2381,-2376,-2371,-2366,-2361,-2362,-2362,-2363,-2358,-2358,-2359,-2360,-2355,-2350,-2345,-2340,-2341,-2341,-2342,-2342,-2337,-2332,-2328,-2329,-2330,-2325,-2325,-2326,-2321,-2316,-2317,-2312,-2312,-2307,-2308,-2308,-2309,-2309,-2305,-2301,-2296,-2297,-2297,-2293,-2289,-2284,-2279,-2279,-2274,-2269,-2270,-2265,-2266,-2261,-2256,-2256,-2257,-2258,-2253,-2253,-2254,-2249,-2244,-2239,-2240,-2235,-2235,-2236,-2231,-2232,-2232,-2227,-2228,-2223,-2219,-2220,-2215,-2210,-2205,-2201,-2196,-2192,-2187,-2182,-2178,-2178,-2173,-2169,-2164,-2159,-2154,-2155,-2152,-2152,-2148,-2143,-2138,-2133,-2134,-2134,-2129,-2124,-2119,-2114,-2110,-2105,-2100,-2095,-2090,-2085,-2086,-2086,-2082,-2077,-2071,-2066,-2061,-2056,-2057,-2057,-2053,-2053,-2048,-2049,-2044,-2045,-2045,-2041,-2041,-2042,-2037,-2032,-2029,-2024,-2020,-2021,-2021,-2016,-2012,-2007,-2002,-2003,-1998,-1998,-1993,-1989,-1989,-1984,-1979,-1980,-1975,-1976,-1972,-1973,-1968,-1963,-1958,-1953,-1954,-1949,-1944,-1944,-1939,-1934,-1935,-1930,-1930,-1925,-1921,-1917,-1912,-1907,-1908,-1903,-1903,-1904,-1905,-1905,-1901,-1901,-1897,-1892,-1887,-1882,-1877,-1873,-1869,-1864,-1864,-1859,-1855,-1850,-1850,-1845,-1841,-1841,-1836,-1837,-1832,-1828,-1824,-1819,-1814,-1810,-1805,-1800,-1800,-1795,-1790,-1791,-1786,-1781,-1782,-1782,-1783,-1783,-1778,-1779,-1774,-1775,-1775,-1770,-1765,-1766,-1761,-1757,-1753,-1748,-1744,-1739,-1734,-1730,-1730,-1725,-1726,-1727,-1727,-1728,-1723,-1718,-1714,-1709,-1705,-1701,-1696,-1691,-1687,-1682,-1677,-1678,-1678,-1674,-1669,-1664,-1660,-1655,-1655,-1650,-1646,-1641,-1636,-1631,-1627,-1627,-1628,-1623,-1618,-1613,-1608,-1603,-1599,-1594,-1589,-1584,-1579,-1579,-1580,-1575,-1576,-1576,-1571,-1566,-1567,-1567,-1563,-1558,-1553,-1548,-1543,-1538,-1533,-1528,-1523,-1517,-1516,-1515,-1516,-1512,-1508,-1508,-1503,-1498,-1493,-1488,-1483,-1478,-1473,-1468,-1463,-1458,-1458,-1453,-1454,-1449,-1444,-1445,-1440,-1435,-1430,-1425,-1420,-1415,-1416,-1411,-1406,-1401,-1397,-1392,-1387,-1387,-1383,-1378,-1373,-1368,-1364,-1359,-1354,-1350,-1345,-1345,-1341,-1336,-1331,-1327,-1327,-1323,-1318,-1313,-1314,-1309,-1305,-1300,-1296,-1291,-1287,-1282,-1283,-1278,-1274,-1269,-1265,-1260,-1256,-1084,-1084,-1084,-1084,-1084,-1084,-1084,-1084,-1084,-1084,-1084,-1084,-1084,-1084,-1084,-1084,-1084,-1084,-1084,-1084,-1084,-1084,-1084,-1084,-1084,-1084,-1084,-1084,-1084,-1084,-1084,-1084,-1084,-1084,-1084,-1083,-1083,-1083,-1083,-1083,-1083,-1083,-1083,-1063,-1043,-1023,-1003,-983,-984,-964,-944,-924,-904,-884,-864,-844,-824,-805,-785,-765,-745,-725,-705,-686,-666,-646,-626,-606,-587,-567,-547,-527,-508,-508,-488,-469,-449,-429,-410,-390,-370,-351,-331,-312,-292,-272,-253,-233,-214,-194,-174,-155,-135,-116,-96,-77,-57,-38,-18,0
-3805,-3806,-3807,-3807,-3808,-3808,-3809,-3809,-3810,-3811,-3811,-3812,-3812,-3813,-3813,-3814,-3814,-3815,-3816,-3816,-3817,-3817,-3818,-3818,-3819,-3819,-3820,-3821,-3821,-3822,-3822,-3823,-3823,-3824,-3825,-3825,-3826,-3826,-3827,-3827,-3828,-3828,-3829,-3830,-3830,-3831,-3831,-3832,-3832,-3833,-3833,-3834,-3835,-3835,-3836,-3836,-3837,-3837,-3838,-3827,-3827,-3828,-3828,-3816,-3817,-3817,-3818,-3806,-3807,-3807,-3808,-3808,-3809,-3809,-3810,-3811,-3811,-3812,-3812,-3813,-3813,-3814,-3814,-3815,-3816,-3816,-3817,-3817,-3818,-3818,-3819,-3820,-3820,-3821,-3821,-3822,-3810,-3811,-3811,-3812,-3813,-3813,-3802,-3791,-3792,-3792,-3793,-3794,-3794,-3795,-3795,-3796,-3796,-3797,-3797,-3798,-3799,-3799,-3800,-3800,-3801,-3801,-3790,-3791,-3791,-3780,-3781,-3781,-3782,-3772,-3772,-3762,-3763,-3764,-3753,-3754,-3754,-3755,-3755,-3756,-3756,-3757,-3758,-3758,-3759,-3759,-3760,-3760,-3749,-3739,-3740,-3740,-3741,-3741,-3730,-3731,-3732,-3732,-3733,-3733,-3734,-3734,-3735,-3736,-3736,-3737,-3737,-3738,-3738,-3727,-3728,-3728,-3729,-3729,-3730,-3731,-3731,-3732,-3732,-3733,-3733,-3734,-3723,-3724,-3724,-3725,-3725,-3726,-3726,-3727,-3716,-3717,-3717,-3718,-3718,-3719,-3720,-3720,-3721,-3710,-3710,-3711,-3711,-3701,-3691,-3680,-3669,-3670,-3671,-3671,-3672,-3672,-3661,-3650,-3640,-3640,-3641,-3630,-3619,-3608,-3609,-3609,-3610,-3610,-3601,-3601,-3591,-3591,-3581,-3570,-3570,-3571,-3572,-3562,-3562,-3563,-3563,-3564,-3564,-3565,-3566,-3566,-3567,-3556,-3556,-3557,-3546,-3547,-3547,-3536,-3537,-3537,-3528,-3529,-3529,-3530,-3530,-3521,-3511,-3500,-3500,-3501,-3492,-3492,-3493,-3493,-3494,-3495,-3495,-3496,-3496,-3497,-3497,-3498,-3498,-3499,-3500,-3489,-3490,-3490,-3480,-3480,-3481,-3481,-3482,-3483,-3472,-3461,-3452,-3452,-3441,-3442,-3443,-3443,-3444,-3444,-3445,-3435,-3435,-3436,-3426,-3426,-3427,-3428,-3428,-3418,-3419,-3408,-3409,-3409,-3398,-3399,-3400,-3400,-3401,-3401,-3402,-3402,-3403,-3404,-3393,-3394,-3394,-3395,-3384,-3385,-3385,-3386,-3375,-3376,-3365,-3355,-3355,-3356,-3357,-3346,-3335,-3325,-3315,-3316,-3316,-3306,-3306,-3296,-3285,-3286,-3275,-3276,-3276,-3277,-3277,-3267,-3267,-3268,-3268,-3269,-3259,-3259,-3260,-3260,-3250,-3250,-3240,-3241,-3241,-3242,-3232,-3232,-3233,-3222,-3212,-3212,-3202,-3202,-3192,-3181,-3182,-3182,-3172,-3172,-3173,-3173,-3166,-3162,-3163,-3152,-3142,-3131,-3121,-3110,-3111,-3100,-3089,-3090,-3091,-3091,-3092,-3092,-3093,-3082,-3083,-3072,-3073,-3074,-3063,-3064,-3064,-3054,-3054,-3055,-3056,-3056,-3057,-3057,-3047,-3037,-3037,-3027,-3028,-3017,-3018,-3018,-3019,-3020,-3009,-3010,-3010,-3011,-3001,-3001,-2991,-2981,-2982,-2982,-2983,-2983,-2973,-2974,-2964,-2954,-2944,-2934,-2934,-2935,-2935,-2925,-2915,-2916,-2906,-2906,-2907,-2908,-2898,-2898,-2899,-2889,-2879,-2869,-2859,-2849,-2839,-2830,-2820,-2810,-2800,-2801,-2801,-2792,-2792,-2782,-2783,-2773,-2763,-2754,-2744,-2734,-2735,-2725,-2726,-2716,-2706,-2707,-2708,-2708,-2709,-2709,-2700,-2690,-2691,-2681,-2682,-2682,-2673,-2673,-2664,-2664,-2655,-2645,-2646,-2636,-2637,-2471,-2472,-2467,-2462,-2462,-2463,-2458,-2452,-2453,-2453,-2454,-2455,-2449,-2444,-2445,-2440,-2435,-2435,-2430,-2431,-2426,-2426,-2421,-2422,-2416,-2411,-2407,-2407,-2408,-2408,-2403,-2404,-2404,-2405,-2405,-2400,-2395,-2390,-2386,-2381,-2376,-2376,-2377,-2377,-2372,-2373,-2374,-2374,-2369,-2364,-2359,-2355,-2355,-2356,-2356,-2357,-2352,-2348,-2343,-2344,-2344,-2339,-2340,-2340,-2335,-2330,-2331,-2326,-2327,-2323,-2323,-2324,-2324,-2325,-2320,-2316,-2311,-2312,-2312,-2308,-2303,-2298,-2293,-2294,-2289,-2284,-2285,-2280,-2280,-2275,-2270,-2271,-2271,-2272,-2267,-2268,-2268,-2264,-2258,-2254,-2254,-2249,-2250,-2250,-2246,-2246,-2247,-2242,-2243,-2239,-2234,-2234,-2230,-2225,-2220,-2216,-2211,-2206,-2202,-2197,-2192,-2193,-2188,-2183,-2178,-2174,-2171,-2171,-2167,-2167,-2162,-2157,-2152,-2148,-2148,-2149,-2144,-2139,-2134,-2129,-2124,-2119,-2114,-2109,-2105,-2100,-2100,-2101,-2096,-2091,-2086,-2081,-2076,-2071,-2071,-2072,-2067,-2068,-2063,-2064,-2059,-2059,-2060,-2056,-2056,-2057,-2052,-2048,-2044,-2039,-2035,-2035,-2036,-2031,-2026,-2022,-2017,-2017,-2012,-2013,-2008,-2003,-2004,-1999,-1994,-1995,-1991,-1992,-1987,-1987,-1983,-1978,-1973,-1968,-1968,-1963,-1958,-1959,-1954,-1949,-1949,-1944,-1945,-1941,-1936,-1931,-1927,-1922,-1922,-1918,-1919,-1919,-1920,-1920,-1915,-1916,-1911,-1906,-1902,-1897,-1893,-1888,-1883,-1878,-1879,-1874,-1869,-1864,-1865,-1860,-1855,-1856,-1851,-1851,-1847,-1843,-1838,-1834,-1829,-1824,-1819,-1814,-1815,-1810,-1805,-1805,-1801,-1796,-1796,-1797,-1797,-1798,-1793,-1794,-1789,-1789,-1790,-1785,-1780,-1781,-1776,-1772,-1768,-1763,-1758,-1754,-1749,-1744,-1745,-1740,-1741,-1741,-1742,-1742,-1738,-1733,-1729,-1725,-1720,-1716,-1711,-1706,-1701,-1697,-1692,-1692,-1693,-1689,-1684,-1679,-1674,-1669,-1670,-1665,-1661,-1656,-1651,-1646,-1641,-1642,-1642,-1637,-1632,-1628,-1623,-1618,-1613,-1608,-1603,-1598,-1593,-1594,-1594,-1590,-1590,-1591,-1586,-1581,-1581,-1582,-1577,-1572,-1567,-1562,-1557,-1552,-1547,-1542,-1537,-1535,-1535,-1531,-1531,-1527,-1522,-1523,-1518,-1512,-1507,-1502,-1497,-1492,-1487,-1482,-1477,-1472,-1473,-1468,-1469,-1464,-1459,-1459,-1454,-1449,-1445,-1440,-1435,-1430,-1430,-1426,-1421,-1416,-1411,-1406,-1402,-1402,-1397,-1393,-1388,-1383,-1378,-1374,-1369,-1364,-1360,-1360,-1355,-1351,-1346,-1341,-1342,-1337,-1333,-1328,-1329,-1324,-1320,-1315,-1311,-1306,-1301,-1297,-1298,-1293,-1289,-1284,-1280,-1275,-1271,-1103,-1103,-1103,-1103,-1103,-1103,-1103,-1103,-1103,-1103,-1103,-1103,-1103,-1103,-1103,-1103,-1103,-1103,-1103,-1103,-1103,-1103,-1103,-1103,-1103,-1103,-1103,-1103,-1103,-1103,-1103,-1103,-1103,-1103,-1103,-1103,-1103,-1103,-1103,-1103,-1103,-1103,-1083,-1063,-1043,-1023,-1003,-983,-983,-963,-943,-924,-904,-884,-864,-844,-824,-804,-784,-764,-745,-725,-705,-685,-665,-646,-626,-606,-586,-567,-547,-527,-507,-508,-488,-469,-449,-429,-409,-390,-370,-351,-331,-311,-292,-272,-253,-233,-213,-194,-174,-155,-135,-116,-96,-77,-57,-38,-18,0
-3813,-3814,-3814,-3815,-3815,-3816,-3816,-3817,-3817,-3818,-3819,-3819,-3820,-3820,-3821,-3821,-3822,-3823,-3823,-3824,-3824,-3825,-3825,-3826,-3827,-3827,-3828,-3828,-3829,-3829,-3830,-3831,-3831,-3832,-3832,-3833,-3833,-3834,-3835,-3835,-3836,-3836,-3837,-3837,-3838,-3839,-3839,-3840,-3840,-3841,-3841,-3842,-3843,-3843,-3844,-3844,-3845,-3845,-3846,-3834,-3835,-3835,-3836,-3824,-3824,-3825,-3826,-3814,-3814,-3815,-3815,-3816,-3817,-3817,-3818,-3818,-3819,-3819,-3820,-3821,-3821,-3822,-3822,-3823,-3823,-3824,-3825,-3825,-3826,-3826,-3827,-3827,-3828,-3829,-3829,-3830,-3819,-3820,-3820,-3821,-3821,-3822,-3811,-3799,-3800,-3800,-3801,-3802,-3802,-3803,-3803,-3804,-3804,-3805,-3806,-3806,-3807,-3807,-3808,-3808,-3809,-3810,-3799,-3799,-3800,-3790,-3790,-3791,-3791,-3781,-3782,-3771,-3772,-3772,-3761,-3762,-3763,-3763,-3764,-3764,-3765,-3765,-3766,-3767,-3767,-3768,-3768,-3769,-3758,-3748,-3748,-3749,-3749,-3750,-3739,-3739,-3740,-3740,-3741,-3741,-3742,-3743,-3743,-3744,-3744,-3745,-3745,-3746,-3747,-3736,-3736,-3737,-3737,-3738,-3739,-3739,-3740,-3740,-3741,-3741,-3742,-3743,-3732,-3732,-3733,-3733,-3734,-3735,-3735,-3736,-3725,-3725,-3726,-3726,-3727,-3728,-3728,-3729,-3729,-3719,-3719,-3720,-3720,-3710,-3700,-3689,-3678,-3679,-3679,-3680,-3680,-3681,-3670,-3659,-3648,-3649,-3649,-3639,-3628,-3618,-3618,-3619,-3620,-3620,-3609,-3610,-3599,-3600,-3589,-3579,-3580,-3580,-3581,-3570,-3571,-3571,-3572,-3572,-3573,-3573,-3574,-3575,-3575,-3564,-3565,-3565,-3555,-3555,-3556,-3547,-3547,-3548,-3538,-3539,-3539,-3540,-3540,-3530,-3519,-3510,-3511,-3511,-3501,-3501,-3502,-3502,-3503,-3504,-3504,-3505,-3505,-3506,-3506,-3507,-3508,-3508,-3509,-3498,-3499,-3499,-3488,-3489,-3490,-3490,-3491,-3491,-3481,-3471,-3460,-3461,-3451,-3451,-3452,-3452,-3453,-3453,-3454,-3444,-3445,-3445,-3435,-3436,-3436,-3437,-3438,-3427,-3427,-3417,-3417,-3418,-3407,-3408,-3408,-3409,-3410,-3410,-3411,-3411,-3412,-3412,-3402,-3402,-3403,-3404,-3393,-3394,-3394,-3395,-3384,-3385,-3374,-3364,-3364,-3365,-3365,-3355,-3345,-3334,-3324,-3325,-3325,-3315,-3315,-3305,-3294,-3295,-3284,-3285,-3285,-3286,-3286,-3276,-3276,-3277,-3277,-3278,-3268,-3268,-3269,-3269,-3259,-3259,-3249,-3250,-3250,-3251,-3240,-3241,-3242,-3231,-3221,-3221,-3211,-3211,-3201,-3190,-3191,-3191,-3184,-3184,-3185,-3185,-3182,-3171,-3172,-3161,-3151,-3140,-3129,-3119,-3119,-3109,-3098,-3099,-3100,-3100,-3101,-3101,-3102,-3091,-3092,-3081,-3082,-3083,-3072,-3073,-3073,-3063,-3064,-3064,-3065,-3065,-3066,-3066,-3056,-3046,-3046,-3036,-3037,-3026,-3027,-3028,-3028,-3029,-3019,-3019,-3020,-3020,-3010,-3011,-3001,-2990,-2991,-2992,-2992,-2993,-2983,-2983,-2973,-2963,-2953,-2943,-2944,-2944,-2945,-2935,-2925,-2925,-2915,-2916,-2916,-2917,-2907,-2908,-2908,-2898,-2888,-2879,-2869,-2859,-2849,-2839,-2829,-2820,-2810,-2810,-2811,-2801,-2802,-2792,-2793,-2783,-2773,-2763,-2754,-2744,-2745,-2735,-2735,-2726,-2716,-2717,-2717,-2718,-2718,-2719,-2709,-2700,-2700,-2691,-2691,-2692,-2683,-2683,-2674,-2674,-2665,-2655,-2656,-2646,-2647,-2486,-2486,-2481,-2476,-2476,-2477,-2472,-2467,-2467,-2468,-2468,-2469,-2464,-2459,-2459,-2454,-2449,-2450,-2444,-2445,-2440,-2440,-2435,-2436,-2431,-2426,-2421,-2421,-2422,-2422,-2417,-2418,-2418,-2419,-2420,-2414,-2410,-2405,-2400,-2395,-2390,-2391,-2391,-2392,-2387,-2388,-2388,-2389,-2384,-2379,-2374,-2369,-2370,-2370,-2371,-2371,-2367,-2362,-2357,-2358,-2359,-2354,-2354,-2355,-2350,-2345,-2346,-2341,-2342,-2337,-2338,-2338,-2339,-2340,-2335,-2331,-2326,-2327,-2328,-2323,-2318,-2313,-2308,-2308,-2304,-2299,-2299,-2294,-2295,-2290,-2285,-2285,-2286,-2287,-2282,-2282,-2283,-2278,-2273,-2268,-2269,-2264,-2265,-2265,-2261,-2261,-2262,-2257,-2258,-2253,-2248,-2249,-2244,-2240,-2235,-2231,-2226,-2221,-2217,-2212,-2207,-2207,-2203,-2198,-2193,-2190,-2186,-2186,-2181,-2182,-2177,-2172,-2167,-2162,-2163,-2163,-2158,-2153,-2149,-2144,-2139,-2134,-2129,-2124,-2119,-2114,-2115,-2115,-2110,-2105,-2100,-2095,-2090,-2085,-2086,-2087,-2082,-2083,-2078,-2078,-2074,-2074,-2075,-2070,-2071,-2071,-2068,-2063,-2059,-2054,-2050,-2050,-2051,-2046,-2041,-2036,-2031,-2032,-2027,-2027,-2023,-2018,-2018,-2014,-2010,-2011,-2006,-2006,-2001,-2002,-1997,-1992,-1987,-1982,-1983,-1978,-1973,-1973,-1968,-1963,-1964,-1960,-1960,-1956,-1951,-1946,-1941,-1937,-1937,-1933,-1933,-1934,-1934,-1935,-1930,-1931,-1926,-1921,-1916,-1912,-1907,-1903,-1898,-1893,-1893,-1889,-1884,-1879,-1879,-1875,-1870,-1870,-1866,-1867,-1862,-1858,-1853,-1848,-1843,-1839,-1834,-1829,-1829,-1824,-1819,-1820,-1815,-1810,-1811,-1811,-1812,-1812,-1807,-1808,-1803,-1804,-1804,-1800,-1795,-1796,-1792,-1787,-1782,-1778,-1773,-1768,-1764,-1759,-1760,-1755,-1756,-1756,-1757,-1757,-1753,-1748,-1744,-1739,-1735,-1730,-1726,-1721,-1716,-1711,-1707,-1707,-1708,-1703,-1698,-1694,-1689,-1684,-1685,-1680,-1675,-1670,-1665,-1661,-1656,-1656,-1657,-1652,-1647,-1642,-1637,-1632,-1628,-1623,-1618,-1613,-1608,-1608,-1609,-1604,-1605,-1605,-1600,-1595,-1596,-1596,-1591,-1586,-1581,-1576,-1571,-1566,-1561,-1556,-1554,-1554,-1550,-1546,-1547,-1541,-1536,-1537,-1532,-1527,-1522,-1517,-1512,-1507,-1502,-1497,-1492,-1487,-1487,-1482,-1483,-1478,-1473,-1474,-1469,-1464,-1459,-1454,-1449,-1444,-1445,-1440,-1435,-1431,-1426,-1421,-1416,-1417,-1412,-1407,-1403,-1398,-1393,-1388,-1384,-1379,-1374,-1375,-1370,-1366,-1361,-1356,-1357,-1352,-1348,-1343,-1344,-1339,-1335,-1330,-1325,-1321,-1316,-1312,-1312,-1308,-1303,-1299,-1295,-1290,-1286,-1123,-1123,-1123,-1123,-1123,-1123,-1123,-1123,-1123,-1123,-1123,-1123,-1123,-1123,-1123,-1123,-1123,-1123,-1123,-1123,-1123,-1123,-1123,-1123,-1123,-1123,-1122,-1122,-1122,-1122,-1122,-1122,-1122,-1122,-1122,-1122,-1122,-1122,-1122,-1122,-1122,-1102,-1082,-1062,-1042,-1022,-1002,-982,-983,-963,-943,-923,-903,-883,-863,-843,-824,-804,-784,-764,-744,-724,-705,-685,-665,-645,-625,-606,-586,-566,-546,-527,-507,-508,-488,-468,-449,-429,-409,-390,-370,-350,-331,-311,-292,-272,-252,-233,-213,-194,-174,-155,-135,-116,-96,-77,-57,-38,-18,0
-3820,-3820,-3821,-3822,-3822,-3823,-3823,-3824,-3824,-3825,-3826,-3826,-3827,-3827,-3828,-3828,-3829,-3830,-3830,-3831,-3831,-3832,-3833,-3833,-3834,-3834,-3835,-3835,-3836,-3837,-3837,-3838,-3838,-3839,-3839,-3840,-3841,-3841,-3842,-3842,-3843,-3844,-3844,-3845,-3845,-3846,-3846,-3847,-3848,-3848,-3849,-3849,-3850,-3851,-3851,-3852,-3852,-3853,-3853,-3842,-3842,-3843,-3843,-3831,-3832,-3833,-3833,-3822,-3823,-3823,-3824,-3824,-3825,-3826,-3826,-3827,-3827,-3828,-3829,-3829,-3830,-3830,-3831,-3831,-3832,-3833,-3833,-3834,-3834,-3835,-3836,-3836,-3837,-3837,-3838,-3838,-3827,-3828,-3828,-3829,-3830,-3830,-3819,-3808,-3808,-3809,-3809,-3810,-3810,-3811,-3812,-3812,-3813,-3813,-3814,-3814,-3815,-3816,-3816,-3817,-3817,-3818,-3808,-3808,-3809,-3799,-3800,-3800,-3801,-3790,-3791,-3780,-3780,-3781,-3770,-3771,-3771,-3772,-3773,-3773,-3774,-3774,-3775,-3775,-3776,-3777,-3777,-3778,-3767,-3756,-3756,-3757,-3757,-3758,-3747,-3748,-3748,-3749,-3749,-3750,-3750,-3751,-3752,-3752,-3753,-3753,-3754,-3755,-3755,-3744,-3745,-3745,-3746,-3746,-3747,-3748,-3748,-3749,-3749,-3750,-3751,-3751,-3740,-3741,-3741,-3742,-3742,-3743,-3744,-3744,-3734,-3734,-3735,-3735,-3736,-3736,-3737,-3738,-3738,-3728,-3729,-3729,-3730,-3719,-3708,-3697,-3686,-3687,-3688,-3688,-3689,-3689,-3678,-3667,-3657,-3657,-3658,-3647,-3637,-3627,-3627,-3628,-3628,-3629,-3618,-3619,-3608,-3609,-3599,-3588,-3588,-3589,-3589,-3578,-3579,-3580,-3580,-3581,-3581,-3582,-3583,-3583,-3584,-3573,-3573,-3574,-3565,-3565,-3566,-3556,-3557,-3558,-3547,-3548,-3548,-3549,-3549,-3539,-3529,-3519,-3520,-3520,-3509,-3510,-3510,-3511,-3512,-3512,-3513,-3513,-3514,-3515,-3515,-3516,-3516,-3517,-3517,-3507,-3507,-3508,-3497,-3498,-3498,-3499,-3500,-3500,-3490,-3480,-3469,-3470,-3460,-3461,-3461,-3462,-3462,-3463,-3464,-3453,-3454,-3455,-3444,-3445,-3445,-3446,-3446,-3436,-3436,-3426,-3426,-3427,-3416,-3417,-3417,-3418,-3418,-3419,-3420,-3420,-3421,-3421,-3411,-3411,-3412,-3412,-3402,-3402,-3403,-3404,-3393,-3394,-3383,-3373,-3373,-3374,-3374,-3364,-3354,-3343,-3333,-3333,-3334,-3323,-3324,-3313,-3303,-3303,-3293,-3293,-3294,-3295,-3295,-3285,-3285,-3286,-3286,-3287,-3277,-3277,-3278,-3278,-3268,-3269,-3258,-3259,-3259,-3260,-3249,-3250,-3251,-3240,-3230,-3230,-3220,-3220,-3209,-3202,-3202,-3203,-3199,-3200,-3201,-3201,-3191,-3180,-3181,-3170,-3159,-3149,-3138,-3128,-3128,-3118,-3107,-3108,-3108,-3109,-3110,-3110,-3111,-3100,-3101,-3090,-3091,-3092,-3081,-3082,-3082,-3072,-3073,-3073,-3074,-3074,-3075,-3076,-3065,-3055,-3056,-3045,-3046,-3036,-3036,-3037,-3037,-3038,-3028,-3028,-3029,-3029,-3019,-3020,-3010,-3000,-3000,-3001,-3001,-3002,-2992,-2993,-2982,-2972,-2962,-2952,-2953,-2954,-2954,-2944,-2934,-2935,-2925,-2925,-2926,-2927,-2917,-2917,-2918,-2908,-2898,-2888,-2878,-2868,-2859,-2849,-2839,-2829,-2819,-2820,-2821,-2811,-2811,-2802,-2802,-2793,-2783,-2773,-2763,-2754,-2754,-2745,-2745,-2736,-2726,-2727,-2727,-2728,-2728,-2729,-2719,-2710,-2710,-2701,-2701,-2702,-2692,-2693,-2684,-2684,-2675,-2665,-2666,-2656,-2657,-2500,-2500,-2495,-2490,-2491,-2491,-2486,-2481,-2481,-2482,-2483,-2483,-2478,-2473,-2474,-2468,-2463,-2464,-2459,-2459,-2454,-2455,-2450,-2450,-2445,-2440,-2435,-2436,-2436,-2437,-2432,-2432,-2433,-2433,-2434,-2429,-2424,-2419,-2415,-2410,-2405,-2405,-2406,-2406,-2401,-2402,-2403,-2403,-2398,-2393,-2389,-2384,-2385,-2386,-2386,-2387,-2382,-2377,-2372,-2373,-2373,-2368,-2369,-2369,-2364,-2360,-2361,-2356,-2357,-2352,-2353,-2353,-2354,-2354,-2350,-2346,-2341,-2341,-2342,-2337,-2332,-2327,-2323,-2323,-2318,-2313,-2314,-2309,-2309,-2304,-2299,-2300,-2301,-2301,-2296,-2297,-2297,-2293,-2288,-2283,-2283,-2279,-2279,-2280,-2276,-2276,-2277,-2272,-2273,-2268,-2263,-2264,-2259,-2254,-2250,-2245,-2241,-2236,-2231,-2226,-2221,-2222,-2217,-2213,-2209,-2205,-2200,-2201,-2196,-2196,-2191,-2186,-2181,-2176,-2177,-2178,-2173,-2168,-2163,-2158,-2153,-2148,-2144,-2139,-2134,-2129,-2129,-2130,-2125,-2120,-2115,-2110,-2105,-2100,-2101,-2101,-2097,-2097,-2093,-2093,-2088,-2089,-2089,-2086,-2087,-2087,-2083,-2078,-2073,-2069,-2064,-2065,-2065,-2060,-2056,-2051,-2046,-2046,-2041,-2042,-2037,-2033,-2033,-2030,-2025,-2025,-2020,-2021,-2016,-2016,-2011,-2006,-2001,-1996,-1997,-1992,-1987,-1988,-1983,-1979,-1979,-1974,-1975,-1970,-1965,-1961,-1956,-1951,-1952,-1947,-1948,-1948,-1949,-1950,-1945,-1945,-1941,-1936,-1932,-1927,-1922,-1917,-1912,-1907,-1908,-1903,-1898,-1893,-1894,-1889,-1885,-1885,-1881,-1882,-1877,-1873,-1868,-1863,-1858,-1853,-1848,-1843,-1844,-1839,-1834,-1834,-1830,-1825,-1825,-1826,-1826,-1827,-1822,-1823,-1818,-1819,-1819,-1815,-1811,-1811,-1806,-1802,-1797,-1793,-1788,-1783,-1778,-1774,-1774,-1770,-1770,-1771,-1771,-1772,-1768,-1764,-1759,-1754,-1750,-1745,-1740,-1735,-1731,-1726,-1721,-1722,-1723,-1718,-1713,-1708,-1703,-1699,-1699,-1695,-1690,-1685,-1680,-1675,-1670,-1671,-1671,-1666,-1662,-1657,-1652,-1647,-1642,-1637,-1632,-1627,-1622,-1623,-1624,-1619,-1619,-1620,-1615,-1610,-1610,-1611,-1606,-1601,-1596,-1591,-1586,-1581,-1576,-1574,-1574,-1570,-1565,-1560,-1561,-1556,-1551,-1551,-1546,-1541,-1536,-1531,-1526,-1521,-1516,-1511,-1506,-1501,-1502,-1497,-1498,-1493,-1488,-1488,-1483,-1478,-1474,-1469,-1464,-1459,-1460,-1455,-1450,-1445,-1440,-1436,-1431,-1431,-1427,-1422,-1417,-1413,-1408,-1403,-1398,-1394,-1389,-1390,-1385,-1380,-1376,-1371,-1372,-1367,-1362,-1358,-1358,-1354,-1349,-1345,-1340,-1336,-1331,-1327,-1327,-1323,-1318,-1314,-1310,-1305,-1301,-1142,-1142,-1142,-1142,-1142,-1142,-1142,-1142,-1142,-1142,-1142,-1142,-1142,-1142,-1142,-1142,-1142,-1142,-1142,-1142,-1142,-1142,-1142,-1142,-1142,-1142,-1142,-1142,-1142,-1142,-1142,-1142,-1142,-1142,-1142,-1142,-1142,-1142,-1142,-1142,-1122,-1102,-1082,-1062,-1042,-1022,-1002,-982,-982,-962,-942,-923,-903,-883,-863,-843,-823,-803,-783,-764,-744,-724,-704,-684,-665,-645,-625,-605,-586,-566,-546,-526,-507,-507,-488,-468,-448,-429,-409,-389,-370,-350,-331,-311,-291,-272,-252,-233,-213,-194,-174,-155,-135,-116,-96,-77,-57,-38,-18,0
-3827,-3827,-3828,-3828,-3829,-3830,-3830,-3831,-3831,-3832,-3833,-3833,-3834,-3834,-3835,-3836,-3836,-3837,-3837,-3838,-3838,-3839,-3840,-3840,-3841,-3841,-3842,-3843,-3843,-3844,-3844,-3845,-3846,-3846,-3847,-3847,-3848,-3849,-3849,-3850,-3850,-3851,-3851,-3852,-3853,-3853,-3854,-3854,-3855,-3856,-3856,-3857,-3857,-3858,-3859,-3859,-3860,-3860,-3861,-3849,-3850,-3850,-3851,-3840,-3840,-3841,-3842,-3830,-3831,-3831,-3832,-3832,-3833,-3834,-3834,-3835,-3835,-3836,-3837,-3837,-3838,-3838,-3839,-3840,-3840,-3841,-3841,-3842,-3843,-3843,-3844,-3844,-3845,-3845,-3846,-3847,-3835,-3836,-3836,-3837,-3837,-3838,-3827,-3817,-3817,-3818,-3818,-3819,-3820,-3820,-3821,-3821,-3822,-3823,-3823,-3824,-3824,-3825,-3826,-3826,-3827,-3827,-3817,-3818,-3818,-3808,-3808,-3809,-3810,-3798,-3799,-3788,-3789,-3790,-3779,-3779,-3780,-3781,-3781,-3782,-3782,-3783,-3784,-3784,-3785,-3785,-3786,-3786,-3775,-3764,-3765,-3765,-3766,-3766,-3755,-3756,-3756,-3757,-3758,-3758,-3759,-3759,-3760,-3761,-3761,-3762,-3762,-3763,-3764,-3752,-3753,-3754,-3754,-3755,-3755,-3756,-3756,-3757,-3758,-3758,-3759,-3759,-3749,-3749,-3750,-3751,-3751,-3752,-3752,-3753,-3743,-3743,-3744,-3745,-3745,-3746,-3746,-3747,-3748,-3737,-3737,-3738,-3738,-3728,-3717,-3706,-3695,-3695,-3696,-3697,-3697,-3698,-3687,-3676,-3665,-3666,-3666,-3657,-3646,-3635,-3636,-3636,-3637,-3638,-3627,-3628,-3618,-3618,-3607,-3596,-3597,-3597,-3598,-3587,-3587,-3588,-3589,-3589,-3590,-3590,-3591,-3592,-3592,-3583,-3584,-3584,-3575,-3575,-3576,-3565,-3566,-3567,-3556,-3556,-3557,-3558,-3558,-3549,-3538,-3528,-3528,-3529,-3518,-3518,-3519,-3520,-3520,-3521,-3521,-3522,-3523,-3523,-3524,-3524,-3525,-3526,-3526,-3515,-3516,-3517,-3507,-3507,-3508,-3509,-3509,-3510,-3499,-3489,-3479,-3480,-3469,-3470,-3471,-3471,-3472,-3472,-3473,-3462,-3463,-3463,-3453,-3453,-3454,-3454,-3455,-3444,-3445,-3434,-3435,-3435,-3425,-3425,-3426,-3427,-3427,-3428,-3428,-3429,-3430,-3430,-3420,-3420,-3421,-3421,-3411,-3411,-3412,-3413,-3402,-3403,-3392,-3382,-3382,-3383,-3384,-3373,-3363,-3352,-3342,-3342,-3343,-3332,-3333,-3322,-3312,-3312,-3302,-3302,-3303,-3304,-3304,-3294,-3294,-3295,-3295,-3296,-3286,-3286,-3287,-3288,-3277,-3278,-3267,-3268,-3268,-3269,-3258,-3259,-3259,-3249,-3238,-3239,-3228,-3229,-3221,-3218,-3218,-3219,-3208,-3209,-3209,-3210,-3199,-3189,-3189,-3179,-3168,-3158,-3147,-3137,-3137,-3127,-3116,-3117,-3117,-3118,-3119,-3119,-3120,-3109,-3110,-3099,-3100,-3101,-3090,-3091,-3091,-3081,-3082,-3082,-3083,-3083,-3084,-3085,-3074,-3064,-3065,-3054,-3055,-3045,-3045,-3046,-3047,-3047,-3037,-3038,-3038,-3039,-3029,-3029,-3019,-3009,-3010,-3010,-3011,-3011,-3001,-3002,-2992,-2982,-2972,-2962,-2962,-2963,-2964,-2954,-2944,-2944,-2934,-2935,-2935,-2936,-2926,-2927,-2927,-2917,-2908,-2898,-2888,-2878,-2868,-2858,-2849,-2839,-2829,-2830,-2830,-2820,-2821,-2811,-2812,-2802,-2793,-2783,-2773,-2763,-2764,-2754,-2755,-2745,-2736,-2736,-2737,-2738,-2738,-2739,-2729,-2720,-2720,-2711,-2711,-2712,-2702,-2703,-2693,-2694,-2685,-2675,-2676,-2666,-2667,-2514,-2515,-2509,-2504,-2505,-2505,-2500,-2495,-2496,-2496,-2497,-2497,-2493,-2487,-2488,-2483,-2477,-2478,-2473,-2473,-2469,-2469,-2464,-2465,-2460,-2454,-2449,-2450,-2450,-2451,-2446,-2447,-2448,-2448,-2449,-2444,-2439,-2434,-2429,-2424,-2419,-2420,-2420,-2421,-2416,-2417,-2417,-2418,-2413,-2408,-2404,-2399,-2399,-2400,-2401,-2401,-2396,-2391,-2386,-2387,-2388,-2383,-2383,-2384,-2380,-2375,-2376,-2371,-2372,-2367,-2368,-2368,-2369,-2370,-2365,-2360,-2355,-2356,-2356,-2351,-2346,-2342,-2337,-2337,-2332,-2327,-2328,-2323,-2324,-2319,-2314,-2314,-2315,-2316,-2311,-2311,-2312,-2307,-2302,-2298,-2298,-2294,-2294,-2295,-2290,-2291,-2291,-2287,-2287,-2282,-2278,-2279,-2274,-2269,-2265,-2260,-2256,-2251,-2246,-2241,-2236,-2237,-2232,-2229,-2224,-2219,-2214,-2215,-2210,-2211,-2206,-2201,-2196,-2191,-2192,-2192,-2187,-2182,-2177,-2173,-2168,-2163,-2158,-2153,-2148,-2143,-2144,-2144,-2139,-2134,-2129,-2124,-2120,-2115,-2115,-2116,-2111,-2112,-2107,-2108,-2104,-2105,-2105,-2101,-2101,-2102,-2098,-2093,-2088,-2084,-2079,-2079,-2080,-2075,-2070,-2065,-2060,-2061,-2056,-2056,-2052,-2048,-2049,-2044,-2039,-2040,-2035,-2035,-2030,-2031,-2026,-2021,-2016,-2011,-2011,-2006,-2001,-2002,-1998,-1993,-1994,-1989,-1990,-1985,-1980,-1976,-1971,-1966,-1967,-1962,-1962,-1963,-1964,-1964,-1959,-1960,-1955,-1951,-1946,-1941,-1937,-1932,-1927,-1922,-1923,-1918,-1913,-1908,-1908,-1904,-1900,-1901,-1896,-1896,-1892,-1887,-1882,-1877,-1872,-1867,-1863,-1858,-1858,-1853,-1848,-1849,-1844,-1839,-1840,-1840,-1841,-1841,-1837,-1837,-1833,-1833,-1834,-1830,-1825,-1826,-1821,-1817,-1812,-1807,-1803,-1798,-1793,-1788,-1789,-1785,-1785,-1786,-1787,-1787,-1783,-1778,-1774,-1769,-1764,-1760,-1755,-1750,-1746,-1741,-1736,-1737,-1737,-1732,-1728,-1723,-1718,-1713,-1714,-1709,-1704,-1699,-1694,-1690,-1685,-1685,-1686,-1681,-1676,-1671,-1666,-1661,-1657,-1652,-1647,-1642,-1637,-1637,-1638,-1633,-1634,-1634,-1629,-1624,-1625,-1625,-1620,-1615,-1610,-1605,-1600,-1595,-1593,-1593,-1589,-1585,-1580,-1575,-1575,-1570,-1565,-1566,-1561,-1556,-1551,-1546,-1541,-1536,-1531,-1526,-1521,-1516,-1516,-1511,-1512,-1507,-1502,-1503,-1498,-1493,-1488,-1483,-1478,-1474,-1474,-1469,-1465,-1460,-1455,-1450,-1446,-1446,-1441,-1437,-1432,-1427,-1423,-1418,-1413,-1408,-1404,-1404,-1400,-1395,-1391,-1386,-1386,-1382,-1377,-1373,-1373,-1369,-1364,-1360,-1355,-1351,-1346,-1342,-1342,-1338,-1333,-1329,-1324,-1320,-1316,-1162,-1162,-1162,-1162,-1162,-1162,-1162,-1162,-1162,-1162,-1162,-1162,-1162,-1162,-1162,-1162,-1161,-1161,-1161,-1161,-1161,-1161,-1161,-1161,-1161,-1161,-1161,-1161,-1161,-1161,-1161,-1161,-1161,-1161,-1161,-1161,-1161,-1161,-1161,-1141,-1121,-1101,-1081,-1061,-1041,-1021,-1001,-981,-982,-962,-942,-922,-902,-882,-862,-843,-823,-803,-783,-763,-743,-724,-704,-684,-664,-645,-625,-605,-585,-566,-546,-526,-506,-507,-487,-468,-448,-428,-409,-389,-370,-350,-330,-311,-291,-272,-252,-233,-213,-194,-174,-155,-135,-116,-96,-77,-57,-38,-18,0
-3834,-3834,-3835,-3836,-3836,-3837,-3837,-3838,-3839,-3839,-3840,-3840,-3841,-3842,-3842,-3843,-3843,-3844,-3845,-3845,-3846,-3846,-3847,-3848,-3848,-3849,-3849,-3850,-3851,-3851,-3852,-3852,-3853,-3854,-3854,-3855,-3855,-3856,-3856,-3857,-3858,-3858,-3859,-3859,-3860,-3861,-3861,-3862,-3862,-3863,-3864,-3864,-3865,-3865,-3866,-3867,-3867,-3868,-3868,-3857,-3858,-3859,-3859,-3848,-3848,-3849,-3850,-3838,-3838,-3839,-3840,-3840,-3841,-3841,-3842,-3843,-3843,-3844,-3844,-3845,-3846,-3846,-3847,-3847,-3848,-3849,-3849,-3850,-3850,-3851,-3852,-3852,-3853,-3853,-3854,-3855,-3843,-3844,-3845,-3845,-3846,-3846,-3836,-3826,-3826,-3827,-3828,-3828,-3829,-3829,-3830,-3831,-3831,-3832,-3832,-3833,-3834,-3834,-3835,-3835,-3836,-3837,-3826,-3827,-3827,-3816,-3817,-3817,-3818,-3807,-3808,-3797,-3798,-3798,-3787,-3787,-3788,-3789,-3789,-3790,-3790,-3791,-3792,-3792,-3793,-3793,-3794,-3795,-3783,-3772,-3773,-3774,-3774,-3775,-3763,-3764,-3765,-3765,-3766,-3766,-3767,-3768,-3768,-3769,-3769,-3770,-3771,-3771,-3772,-3761,-3762,-3762,-3763,-3763,-3764,-3765,-3765,-3766,-3766,-3767,-3768,-3768,-3758,-3759,-3759,-3760,-3760,-3761,-3762,-3762,-3751,-3752,-3752,-3753,-3754,-3754,-3755,-3755,-3756,-3745,-3746,-3747,-3747,-3736,-3725,-3714,-3703,-3704,-3705,-3705,-3706,-3706,-3696,-3685,-3675,-3676,-3676,-3665,-3655,-3644,-3645,-3645,-3646,-3646,-3636,-3637,-3626,-3626,-3615,-3604,-3605,-3606,-3606,-3597,-3598,-3598,-3599,-3599,-3600,-3601,-3601,-3602,-3602,-3593,-3593,-3594,-3584,-3584,-3585,-3574,-3575,-3575,-3566,-3566,-3567,-3568,-3568,-3558,-3547,-3536,-3537,-3537,-3526,-3527,-3528,-3528,-3529,-3529,-3530,-3531,-3531,-3532,-3532,-3533,-3534,-3534,-3535,-3525,-3526,-3526,-3516,-3516,-3517,-3517,-3518,-3519,-3508,-3498,-3488,-3489,-3478,-3479,-3479,-3480,-3480,-3481,-3482,-3471,-3471,-3472,-3461,-3462,-3463,-3463,-3464,-3453,-3454,-3443,-3444,-3444,-3434,-3434,-3435,-3435,-3436,-3437,-3437,-3438,-3438,-3439,-3428,-3429,-3430,-3430,-3420,-3420,-3421,-3421,-3411,-3411,-3401,-3391,-3391,-3392,-3393,-3382,-3372,-3361,-3350,-3351,-3352,-3341,-3342,-3331,-3321,-3321,-3311,-3311,-3312,-3312,-3313,-3303,-3303,-3304,-3305,-3305,-3295,-3295,-3296,-3296,-3286,-3286,-3276,-3276,-3277,-3278,-3267,-3268,-3268,-3258,-3247,-3248,-3240,-3241,-3237,-3226,-3227,-3228,-3217,-3218,-3218,-3219,-3208,-3198,-3198,-3188,-3177,-3167,-3156,-3145,-3146,-3136,-3125,-3126,-3126,-3127,-3128,-3128,-3129,-3118,-3119,-3108,-3109,-3110,-3099,-3100,-3101,-3090,-3091,-3091,-3092,-3093,-3093,-3094,-3084,-3073,-3074,-3064,-3064,-3054,-3055,-3055,-3056,-3056,-3046,-3047,-3047,-3048,-3038,-3038,-3028,-3018,-3019,-3019,-3020,-3021,-3011,-3011,-3001,-2991,-2981,-2971,-2972,-2972,-2973,-2963,-2953,-2954,-2944,-2944,-2945,-2946,-2936,-2936,-2937,-2927,-2917,-2907,-2897,-2888,-2878,-2868,-2858,-2848,-2839,-2839,-2840,-2830,-2831,-2821,-2822,-2812,-2802,-2793,-2783,-2773,-2774,-2764,-2765,-2755,-2746,-2746,-2747,-2747,-2748,-2749,-2739,-2729,-2730,-2721,-2721,-2722,-2712,-2713,-2703,-2704,-2695,-2685,-2686,-2676,-2677,-2528,-2529,-2524,-2518,-2519,-2520,-2514,-2510,-2510,-2511,-2511,-2512,-2507,-2502,-2502,-2497,-2492,-2492,-2487,-2488,-2483,-2484,-2478,-2479,-2474,-2469,-2464,-2465,-2465,-2466,-2461,-2461,-2462,-2463,-2463,-2458,-2453,-2448,-2443,-2439,-2434,-2434,-2435,-2435,-2430,-2431,-2432,-2432,-2427,-2423,-2418,-2413,-2414,-2414,-2415,-2416,-2411,-2406,-2401,-2401,-2402,-2398,-2398,-2399,-2394,-2390,-2390,-2386,-2387,-2382,-2383,-2383,-2384,-2385,-2380,-2375,-2370,-2370,-2371,-2366,-2361,-2356,-2351,-2352,-2347,-2342,-2343,-2338,-2338,-2333,-2328,-2329,-2330,-2330,-2325,-2326,-2326,-2322,-2317,-2313,-2313,-2308,-2309,-2310,-2305,-2305,-2306,-2301,-2302,-2297,-2293,-2293,-2289,-2284,-2279,-2275,-2270,-2265,-2260,-2255,-2251,-2252,-2248,-2244,-2239,-2234,-2229,-2230,-2225,-2225,-2220,-2215,-2210,-2206,-2206,-2207,-2202,-2197,-2192,-2187,-2182,-2178,-2172,-2167,-2162,-2157,-2158,-2158,-2153,-2149,-2144,-2139,-2134,-2130,-2130,-2131,-2126,-2127,-2123,-2124,-2119,-2120,-2120,-2116,-2116,-2117,-2112,-2108,-2103,-2098,-2093,-2094,-2094,-2089,-2085,-2080,-2075,-2075,-2071,-2071,-2068,-2063,-2063,-2058,-2053,-2054,-2049,-2050,-2045,-2045,-2040,-2035,-2030,-2025,-2026,-2021,-2017,-2017,-2013,-2008,-2008,-2004,-2004,-1999,-1995,-1990,-1985,-1981,-1981,-1976,-1977,-1978,-1978,-1979,-1974,-1975,-1971,-1966,-1961,-1956,-1951,-1946,-1941,-1936,-1937,-1932,-1927,-1923,-1924,-1920,-1915,-1915,-1911,-1912,-1907,-1902,-1897,-1892,-1887,-1882,-1877,-1872,-1873,-1868,-1863,-1863,-1858,-1854,-1854,-1855,-1856,-1856,-1852,-1852,-1848,-1849,-1849,-1845,-1840,-1841,-1836,-1831,-1827,-1822,-1817,-1813,-1808,-1804,-1804,-1800,-1801,-1801,-1802,-1802,-1798,-1793,-1789,-1784,-1779,-1774,-1770,-1765,-1760,-1755,-1751,-1751,-1752,-1747,-1742,-1738,-1733,-1728,-1728,-1724,-1719,-1714,-1709,-1704,-1699,-1700,-1700,-1696,-1691,-1686,-1681,-1676,-1671,-1666,-1661,-1656,-1651,-1652,-1652,-1647,-1648,-1649,-1644,-1638,-1639,-1640,-1635,-1630,-1625,-1620,-1615,-1613,-1612,-1608,-1604,-1599,-1594,-1589,-1590,-1585,-1579,-1580,-1575,-1570,-1565,-1560,-1555,-1550,-1545,-1540,-1535,-1530,-1531,-1526,-1526,-1522,-1517,-1517,-1512,-1508,-1503,-1498,-1493,-1488,-1489,-1484,-1479,-1474,-1470,-1465,-1460,-1461,-1456,-1451,-1447,-1442,-1437,-1433,-1428,-1423,-1419,-1419,-1415,-1410,-1405,-1401,-1401,-1397,-1392,-1388,-1388,-1384,-1379,-1375,-1370,-1366,-1361,-1357,-1357,-1353,-1348,-1344,-1339,-1335,-1331,-1181,-1181,-1181,-1181,-1181,-1181,-1181,-1181,-1181,-1181,-1181,-1181,-1181,-1181,-1181,-1181,-1181,-1181,-1181,-1181,-1181,-1181,-1181,-1181,-1181,-1181,-1181,-1181,-1181,-1181,-1181,-1181,-1181,-1181,-1181,-1180,-1180,-1180,-1160,-1140,-1120,-1100,-1080,-1060,-1041,-1021,-1001,-981,-981,-961,-941,-922,-902,-882,-862,-842,-822,-802,-783,-763,-743,-723,-703,-684,-664,-644,-624,-605,-585,-565,-546,-526,-506,-507,-487,-468,-448,-428,-409,-389,-369,-350,-330,-311,-291,-272,-252,-232,-213,-193,-174,-154,-135,-116,-96,-77,-57,-38,-18,0
-3841,-3842,-3843,-3843,-3844,-3844,-3845,-3846,-3846,-3847,-3848,-3848,-3849,-3849,-3850,-3851,-3851,-3852,-3852,-3853,-3854,-3854,-3855,-3855,-3856,-3857,-3857,-3858,-3858,-3859,-3860,-3860,-3861,-3862,-3862,-3863,-3863,-3864,-3865,-3865,-3866,-3866,-3867,-3868,-3868,-3869,-3869,-3870,-3871,-3871,-3872,-3873,-3873,-3874,-3874,-3875,-3876,-3876,-3877,-3865,-3866,-3867,-3867,-3855,-3856,-3857,-3857,-3846,-3846,-3847,-3847,-3848,-3849,-3849,-3850,-3850,-3851,-3852,-3852,-3853,-3854,-3854,-3855,-3855,-3856,-3857,-3857,-3858,-3858,-3859,-3860,-3860,-3861,-3861,-3862,-3863,-3852,-3853,-3854,-3854,-3855,-3855,-3845,-3834,-3835,-3836,-3836,-3837,-3837,-3838,-3839,-3839,-3840,-3841,-3841,-3842,-3842,-3843,-3844,-3844,-3845,-3845,-3834,-3835,-3835,-3825,-3825,-3826,-3827,-3816,-3816,-3805,-3805,-3806,-3795,-3795,-3796,-3797,-3797,-3798,-3799,-3799,-3800,-3800,-3801,-3802,-3802,-3803,-3792,-3780,-3781,-3782,-3782,-3783,-3772,-3772,-3773,-3774,-3774,-3775,-3776,-3776,-3777,-3777,-3778,-3779,-3779,-3780,-3780,-3770,-3771,-3771,-3772,-3773,-3773,-3774,-3774,-3775,-3776,-3776,-3777,-3777,-3766,-3767,-3768,-3768,-3769,-3769,-3770,-3771,-3760,-3760,-3761,-3762,-3762,-3763,-3763,-3764,-3765,-3754,-3754,-3755,-3756,-3745,-3734,-3723,-3712,-3713,-3713,-3714,-3714,-3715,-3704,-3694,-3684,-3684,-3685,-3674,-3663,-3653,-3654,-3655,-3655,-3656,-3645,-3645,-3634,-3635,-3624,-3615,-3615,-3616,-3616,-3607,-3607,-3608,-3609,-3609,-3610,-3610,-3611,-3612,-3612,-3602,-3602,-3603,-3592,-3593,-3593,-3584,-3585,-3585,-3575,-3575,-3576,-3577,-3577,-3566,-3555,-3545,-3545,-3546,-3536,-3537,-3537,-3538,-3538,-3539,-3540,-3540,-3541,-3541,-3542,-3543,-3543,-3544,-3544,-3534,-3534,-3535,-3525,-3525,-3526,-3526,-3527,-3528,-3518,-3508,-3497,-3497,-3487,-3487,-3488,-3488,-3489,-3490,-3490,-3480,-3480,-3481,-3470,-3471,-3471,-3472,-3472,-3462,-3462,-3452,-3452,-3453,-3442,-3443,-3443,-3444,-3445,-3445,-3446,-3447,-3447,-3448,-3437,-3438,-3438,-3439,-3428,-3429,-3430,-3430,-3420,-3421,-3410,-3400,-3400,-3401,-3402,-3391,-3380,-3370,-3359,-3360,-3360,-3350,-3350,-3340,-3329,-3330,-3320,-3320,-3321,-3322,-3322,-3311,-3312,-3313,-3313,-3314,-3303,-3304,-3305,-3305,-3295,-3295,-3285,-3285,-3286,-3287,-3276,-3277,-3277,-3267,-3259,-3259,-3256,-3256,-3246,-3235,-3236,-3236,-3226,-3226,-3227,-3228,-3217,-3206,-3207,-3196,-3186,-3175,-3165,-3154,-3155,-3144,-3134,-3135,-3135,-3136,-3136,-3137,-3138,-3127,-3128,-3117,-3118,-3119,-3108,-3109,-3110,-3099,-3100,-3100,-3101,-3102,-3102,-3103,-3093,-3082,-3083,-3073,-3073,-3063,-3064,-3064,-3065,-3066,-3055,-3056,-3057,-3057,-3047,-3048,-3038,-3028,-3028,-3029,-3029,-3030,-3020,-3021,-3011,-3001,-2991,-2981,-2981,-2982,-2982,-2972,-2963,-2963,-2953,-2954,-2954,-2955,-2945,-2946,-2946,-2937,-2927,-2917,-2907,-2897,-2887,-2878,-2868,-2858,-2848,-2849,-2850,-2840,-2840,-2831,-2831,-2822,-2812,-2802,-2793,-2783,-2784,-2774,-2775,-2765,-2755,-2756,-2757,-2757,-2758,-2758,-2749,-2739,-2740,-2730,-2731,-2732,-2722,-2723,-2713,-2714,-2704,-2695,-2696,-2686,-2687,-2542,-2543,-2538,-2533,-2533,-2534,-2529,-2524,-2524,-2525,-2525,-2526,-2521,-2516,-2516,-2511,-2506,-2507,-2502,-2502,-2497,-2498,-2493,-2493,-2488,-2483,-2478,-2479,-2480,-2480,-2475,-2476,-2476,-2477,-2478,-2473,-2468,-2463,-2458,-2453,-2448,-2449,-2449,-2450,-2445,-2445,-2446,-2447,-2443,-2438,-2433,-2428,-2428,-2429,-2430,-2430,-2425,-2420,-2416,-2417,-2417,-2413,-2413,-2414,-2409,-2405,-2405,-2401,-2402,-2397,-2397,-2398,-2398,-2399,-2394,-2389,-2384,-2385,-2385,-2381,-2376,-2371,-2366,-2366,-2361,-2356,-2357,-2352,-2353,-2348,-2343,-2343,-2344,-2345,-2340,-2340,-2341,-2336,-2332,-2327,-2328,-2323,-2324,-2324,-2319,-2320,-2321,-2316,-2317,-2312,-2308,-2308,-2303,-2299,-2294,-2289,-2284,-2280,-2275,-2270,-2267,-2268,-2263,-2258,-2253,-2248,-2243,-2244,-2239,-2240,-2235,-2230,-2225,-2220,-2221,-2221,-2216,-2212,-2207,-2202,-2197,-2192,-2187,-2182,-2177,-2172,-2172,-2173,-2168,-2163,-2159,-2154,-2149,-2144,-2145,-2145,-2142,-2142,-2138,-2138,-2134,-2135,-2135,-2130,-2131,-2132,-2127,-2122,-2117,-2113,-2108,-2108,-2109,-2104,-2099,-2094,-2090,-2090,-2087,-2087,-2082,-2077,-2078,-2073,-2068,-2068,-2063,-2064,-2059,-2060,-2055,-2050,-2045,-2040,-2040,-2036,-2031,-2032,-2027,-2022,-2023,-2018,-2019,-2014,-2010,-2005,-2000,-1995,-1996,-1991,-1992,-1992,-1993,-1993,-1989,-1990,-1985,-1980,-1975,-1971,-1966,-1961,-1956,-1951,-1952,-1947,-1942,-1938,-1939,-1934,-1930,-1930,-1925,-1926,-1921,-1916,-1911,-1906,-1901,-1896,-1891,-1887,-1887,-1882,-1877,-1878,-1873,-1869,-1869,-1870,-1870,-1871,-1867,-1868,-1863,-1863,-1864,-1859,-1855,-1855,-1851,-1846,-1841,-1837,-1832,-1827,-1823,-1819,-1819,-1815,-1815,-1816,-1816,-1817,-1813,-1808,-1803,-1798,-1794,-1789,-1784,-1780,-1775,-1770,-1765,-1766,-1766,-1762,-1757,-1752,-1747,-1742,-1743,-1738,-1733,-1728,-1723,-1719,-1714,-1714,-1715,-1710,-1705,-1700,-1695,-1690,-1685,-1681,-1676,-1671,-1665,-1666,-1667,-1662,-1662,-1663,-1658,-1653,-1653,-1654,-1649,-1644,-1639,-1634,-1632,-1632,-1628,-1624,-1619,-1613,-1608,-1603,-1604,-1599,-1594,-1594,-1589,-1584,-1579,-1574,-1569,-1564,-1559,-1555,-1550,-1545,-1545,-1540,-1541,-1536,-1531,-1532,-1527,-1522,-1517,-1512,-1508,-1503,-1503,-1499,-1494,-1489,-1484,-1480,-1475,-1475,-1471,-1466,-1461,-1457,-1452,-1447,-1443,-1438,-1433,-1434,-1429,-1425,-1420,-1416,-1416,-1412,-1407,-1402,-1403,-1399,-1394,-1389,-1385,-1380,-1376,-1372,-1372,-1368,-1363,-1359,-1354,-1350,-1346,-1200,-1200,-1200,-1200,-1200,-1200,-1200,-1200,-1200,-1200,-1200,-1200,-1200,-1200,-1200,-1200,-1200,-1200,-1200,-1200,-1200,-1200,-1200,-1200,-1200,-1200,-1200,-1200,-1200,-1200,-1200,-1200,-1200,-1200,-1200,-1200,-1200,-1180,-1160,-1140,-1120,-1100,-1080,-1060,-1040,-1020,-1000,-980,-981,-961,-941,-921,-901,-881,-862,-842,-822,-802,-782,-762,-743,-723,-703,-683,-664,-644,-624,-604,-585,-565,-545,-526,-506,-507,-487,-467,-448,-428,-408,-389,-369,-350,-330,-310,-291,-271,-252,-232,-213,-193,-174,-154,-135,-115,-96,-77,-57,-38,-18,0
-3849,-3849,-3850,-3851,-3851,-3852,-3852,-3853,-3854,-3854,-3855,-3856,-3856,-3857,-3857,-3858,-3859,-3859,-3860,-3860,-3861,-3862,-3862,-3863,-3864,-3864,-3865,-3865,-3866,-3867,-3867,-3868,-3869,-3869,-3870,-3870,-3871,-3872,-3872,-3873,-3874,-3874,-3875,-3875,-3876,-3877,-3877,-3878,-3878,-3879,-3880,-3880,-3881,-3882,-3882,-3883,-3883,-3884,-3885,-3873,-3873,-3874,-3875,-3863,-3864,-3864,-3865,-3854,-3855,-3856,-3856,-3857,-3858,-3858,-3859,-3859,-3860,-3861,-3861,-3862,-3863,-3863,-3864,-3864,-3865,-3866,-3866,-3867,-3867,-3868,-3869,-3869,-3870,-3871,-3871,-3872,-3861,-3862,-3863,-3863,-3864,-3865,-3854,-3842,-3843,-3844,-3844,-3845,-3846,-3846,-3847,-3847,-3848,-3849,-3849,-3850,-3851,-3851,-3852,-3852,-3853,-3854,-3843,-3844,-3844,-3833,-3834,-3835,-3835,-3824,-3824,-3813,-3814,-3814,-3803,-3804,-3804,-3805,-3805,-3806,-3807,-3807,-3808,-3809,-3809,-3810,-3810,-3811,-3800,-3789,-3789,-3790,-3791,-3791,-3781,-3781,-3782,-3783,-3783,-3784,-3785,-3785,-3786,-3786,-3787,-3788,-3788,-3789,-3789,-3778,-3779,-3779,-3780,-3781,-3781,-3782,-3783,-3783,-3784,-3784,-3785,-3786,-3775,-3775,-3776,-3777,-3777,-3778,-3779,-3779,-3768,-3769,-3769,-3770,-3771,-3771,-3772,-3772,-3773,-3762,-3763,-3763,-3764,-3753,-3742,-3731,-3720,-3721,-3722,-3722,-3723,-3723,-3714,-3703,-3692,-3693,-3693,-3683,-3673,-3662,-3662,-3663,-3663,-3664,-3653,-3654,-3643,-3643,-3634,-3624,-3625,-3625,-3626,-3616,-3616,-3617,-3617,-3618,-3619,-3619,-3620,-3621,-3621,-3610,-3611,-3612,-3602,-3603,-3603,-3593,-3593,-3594,-3583,-3584,-3584,-3585,-3586,-3575,-3564,-3554,-3555,-3555,-3544,-3545,-3546,-3546,-3547,-3548,-3548,-3549,-3549,-3550,-3551,-3551,-3552,-3553,-3553,-3543,-3543,-3544,-3534,-3535,-3535,-3536,-3536,-3537,-3527,-3516,-3505,-3506,-3495,-3496,-3496,-3497,-3498,-3498,-3499,-3488,-3489,-3489,-3479,-3479,-3480,-3481,-3481,-3470,-3471,-3460,-3461,-3462,-3451,-3452,-3452,-3453,-3453,-3454,-3455,-3455,-3456,-3457,-3446,-3447,-3447,-3448,-3438,-3438,-3439,-3439,-3429,-3430,-3419,-3409,-3409,-3410,-3410,-3400,-3389,-3379,-3368,-3369,-3369,-3359,-3359,-3349,-3338,-3339,-3328,-3329,-3330,-3330,-3331,-3320,-3321,-3322,-3322,-3323,-3312,-3313,-3313,-3314,-3303,-3304,-3293,-3294,-3295,-3295,-3285,-3285,-3286,-3278,-3275,-3275,-3265,-3265,-3255,-3244,-3244,-3245,-3235,-3235,-3236,-3236,-3226,-3215,-3216,-3205,-3195,-3184,-3174,-3163,-3164,-3153,-3143,-3144,-3144,-3145,-3145,-3146,-3147,-3136,-3137,-3126,-3127,-3128,-3117,-3118,-3119,-3108,-3109,-3110,-3110,-3111,-3111,-3112,-3102,-3092,-3092,-3082,-3083,-3072,-3073,-3074,-3074,-3075,-3065,-3065,-3066,-3067,-3056,-3057,-3047,-3037,-3037,-3038,-3039,-3039,-3029,-3030,-3020,-3010,-3000,-2990,-2991,-2991,-2992,-2982,-2972,-2973,-2963,-2963,-2964,-2965,-2955,-2955,-2956,-2946,-2936,-2926,-2917,-2907,-2897,-2887,-2877,-2868,-2858,-2859,-2859,-2849,-2850,-2840,-2841,-2831,-2822,-2812,-2802,-2793,-2793,-2784,-2784,-2775,-2765,-2766,-2766,-2767,-2768,-2768,-2759,-2749,-2750,-2740,-2741,-2742,-2732,-2733,-2723,-2724,-2714,-2705,-2706,-2696,-2697,-2557,-2557,-2552,-2547,-2548,-2548,-2543,-2538,-2538,-2539,-2540,-2540,-2535,-2530,-2530,-2525,-2521,-2521,-2516,-2517,-2511,-2512,-2507,-2507,-2503,-2498,-2493,-2493,-2494,-2495,-2490,-2490,-2491,-2492,-2492,-2487,-2482,-2477,-2472,-2467,-2462,-2463,-2464,-2464,-2460,-2461,-2461,-2462,-2457,-2452,-2447,-2442,-2443,-2443,-2444,-2445,-2440,-2435,-2431,-2431,-2432,-2427,-2428,-2429,-2424,-2420,-2420,-2415,-2416,-2411,-2412,-2412,-2413,-2413,-2408,-2403,-2399,-2399,-2400,-2395,-2390,-2385,-2380,-2381,-2376,-2371,-2371,-2367,-2367,-2362,-2357,-2358,-2359,-2359,-2355,-2355,-2356,-2351,-2347,-2342,-2342,-2338,-2338,-2339,-2334,-2335,-2336,-2331,-2331,-2327,-2322,-2323,-2318,-2314,-2309,-2304,-2299,-2294,-2290,-2286,-2282,-2283,-2278,-2273,-2268,-2263,-2258,-2258,-2253,-2254,-2249,-2244,-2239,-2234,-2235,-2236,-2231,-2226,-2221,-2216,-2211,-2206,-2201,-2196,-2191,-2186,-2187,-2187,-2182,-2178,-2173,-2168,-2163,-2160,-2161,-2161,-2157,-2157,-2153,-2153,-2149,-2149,-2150,-2145,-2146,-2147,-2142,-2137,-2132,-2127,-2122,-2123,-2123,-2118,-2113,-2109,-2105,-2106,-2101,-2102,-2097,-2092,-2092,-2087,-2082,-2083,-2078,-2078,-2073,-2074,-2069,-2064,-2059,-2055,-2056,-2051,-2046,-2047,-2042,-2037,-2038,-2033,-2034,-2029,-2024,-2019,-2015,-2010,-2010,-2006,-2007,-2007,-2008,-2009,-2004,-2004,-2000,-1995,-1990,-1985,-1980,-1975,-1970,-1965,-1966,-1962,-1958,-1953,-1953,-1949,-1944,-1945,-1940,-1940,-1936,-1931,-1926,-1921,-1916,-1911,-1906,-1901,-1902,-1897,-1892,-1893,-1888,-1884,-1884,-1885,-1886,-1886,-1882,-1882,-1878,-1878,-1879,-1874,-1869,-1870,-1865,-1861,-1856,-1851,-1847,-1842,-1838,-1833,-1834,-1830,-1830,-1831,-1831,-1832,-1827,-1823,-1818,-1813,-1808,-1804,-1799,-1794,-1789,-1785,-1780,-1780,-1781,-1776,-1772,-1767,-1762,-1757,-1758,-1753,-1748,-1743,-1738,-1733,-1728,-1729,-1729,-1725,-1720,-1715,-1710,-1705,-1700,-1695,-1690,-1685,-1680,-1680,-1681,-1676,-1677,-1677,-1672,-1667,-1668,-1668,-1663,-1658,-1653,-1651,-1651,-1647,-1643,-1638,-1633,-1628,-1623,-1618,-1618,-1613,-1608,-1609,-1604,-1599,-1594,-1589,-1584,-1579,-1574,-1569,-1564,-1559,-1560,-1555,-1555,-1551,-1546,-1546,-1541,-1537,-1532,-1527,-1522,-1517,-1518,-1513,-1508,-1504,-1499,-1494,-1489,-1490,-1485,-1481,-1476,-1471,-1467,-1462,-1457,-1453,-1448,-1449,-1444,-1439,-1435,-1430,-1431,-1426,-1422,-1417,-1418,-1413,-1409,-1404,-1400,-1395,-1391,-1386,-1387,-1383,-1378,-1374,-1369,-1365,-1361,-1220,-1220,-1220,-1220,-1220,-1220,-1220,-1220,-1220,-1220,-1220,-1220,-1220,-1220,-1220,-1220,-1220,-1220,-1220,-1220,-1220,-1219,-1219,-1219,-1219,-1219,-1219,-1219,-1219,-1219,-1219,-1219,-1219,-1219,-1219,-1219,-1199,-1179,-1159,-1139,-1119,-1099,-1079,-1059,-1039,-1019,-1000,-980,-980,-960,-940,-921,-901,-881,-861,-841,-821,-802,-782,-762,-742,-722,-703,-683,-663,-643,-624,-604,-584,-565,-545,-525,-506,-506,-487,-467,-447,-428,-408,-389,-369,-349,-330,-310,-291,-271,-252,-232,-213,-193,-174,-154,-135,-115,-96,-77,-57,-38,-18,0
-3856,-3856,-3857,-3858,-3858,-3859,-3859,-3860,-3861,-3861,-3862,-3863,-3863,-3864,-3864,-3865,-3866,-3866,-3867,-3868,-3868,-3869,-3869,-3870,-3871,-3871,-3872,-3873,-3873,-3874,-3875,-3875,-3876,-3876,-3877,-3878,-3878,-3879,-3880,-3880,-3881,-3881,-3882,-3883,-3883,-3884,-3885,-3885,-3886,-3887,-3887,-3888,-3888,-3889,-3890,-3890,-3891,-3892,-3892,-3881,-3881,-3882,-3883,-3872,-3873,-3873,-3874,-3863,-3864,-3864,-3865,-3866,-3866,-3867,-3868,-3868,-3869,-3869,-3870,-3871,-3871,-3872,-3873,-3873,-3874,-3874,-3875,-3876,-3876,-3877,-3878,-3878,-3879,-3880,-3880,-3881,-3870,-3871,-3871,-3872,-3873,-3873,-3862,-3851,-3852,-3852,-3853,-3854,-3854,-3855,-3855,-3856,-3857,-3857,-3858,-3859,-3859,-3860,-3860,-3861,-3862,-3862,-3851,-3852,-3853,-3841,-3842,-3842,-3843,-3832,-3832,-3821,-3822,-3822,-3811,-3811,-3812,-3813,-3813,-3814,-3815,-3815,-3816,-3817,-3817,-3818,-3818,-3819,-3808,-3798,-3798,-3799,-3800,-3800,-3789,-3789,-3790,-3791,-3791,-3792,-3793,-3793,-3794,-3794,-3795,-3796,-3796,-3797,-3798,-3787,-3787,-3788,-3789,-3789,-3790,-3790,-3791,-3792,-3792,-3793,-3794,-3794,-3783,-3784,-3784,-3785,-3786,-3786,-3787,-3788,-3776,-3777,-3778,-3778,-3779,-3780,-3780,-3781,-3782,-3771,-3771,-3772,-3772,-3761,-3751,-3740,-3730,-3731,-3731,-3732,-3732,-3733,-3722,-3712,-3701,-3702,-3702,-3692,-3681,-3670,-3671,-3671,-3672,-3672,-3661,-3662,-3653,-3653,-3644,-3633,-3634,-3634,-3635,-3624,-3625,-3625,-3626,-3626,-3627,-3628,-3628,-3629,-3630,-3620,-3621,-3622,-3611,-3612,-3612,-3601,-3602,-3603,-3592,-3592,-3593,-3594,-3594,-3583,-3573,-3563,-3563,-3564,-3553,-3554,-3554,-3555,-3556,-3556,-3557,-3558,-3558,-3559,-3560,-3560,-3561,-3561,-3562,-3552,-3553,-3553,-3543,-3544,-3544,-3545,-3546,-3546,-3536,-3525,-3514,-3515,-3504,-3504,-3505,-3506,-3506,-3507,-3508,-3497,-3497,-3498,-3487,-3488,-3489,-3489,-3490,-3479,-3480,-3469,-3470,-3470,-3460,-3460,-3461,-3461,-3462,-3463,-3463,-3464,-3465,-3465,-3455,-3456,-3456,-3457,-3446,-3447,-3448,-3448,-3438,-3439,-3428,-3417,-3418,-3419,-3419,-3409,-3398,-3387,-3377,-3377,-3378,-3367,-3368,-3358,-3347,-3348,-3337,-3338,-3338,-3339,-3340,-3329,-3330,-3330,-3331,-3332,-3321,-3322,-3322,-3323,-3312,-3313,-3302,-3303,-3303,-3304,-3296,-3297,-3298,-3294,-3283,-3284,-3273,-3274,-3263,-3253,-3253,-3254,-3243,-3244,-3245,-3245,-3235,-3224,-3225,-3214,-3204,-3193,-3183,-3172,-3173,-3162,-3152,-3152,-3153,-3154,-3154,-3155,-3156,-3145,-3146,-3135,-3136,-3137,-3126,-3127,-3128,-3117,-3118,-3119,-3119,-3120,-3121,-3121,-3111,-3101,-3101,-3091,-3092,-3082,-3082,-3083,-3083,-3084,-3074,-3075,-3075,-3076,-3066,-3066,-3056,-3046,-3047,-3047,-3048,-3049,-3039,-3039,-3029,-3019,-3009,-2999,-3000,-3001,-3001,-2991,-2981,-2982,-2972,-2973,-2973,-2974,-2964,-2965,-2965,-2956,-2946,-2936,-2926,-2916,-2907,-2897,-2887,-2877,-2868,-2868,-2869,-2859,-2860,-2850,-2851,-2841,-2831,-2822,-2812,-2802,-2803,-2793,-2794,-2785,-2775,-2776,-2776,-2777,-2777,-2778,-2769,-2759,-2760,-2750,-2751,-2751,-2742,-2743,-2733,-2734,-2724,-2715,-2716,-2706,-2707,-2571,-2571,-2566,-2561,-2562,-2562,-2557,-2552,-2553,-2553,-2554,-2554,-2549,-2544,-2545,-2540,-2535,-2535,-2530,-2531,-2526,-2526,-2521,-2522,-2517,-2512,-2507,-2508,-2508,-2509,-2504,-2505,-2505,-2506,-2507,-2502,-2497,-2492,-2487,-2482,-2478,-2478,-2479,-2480,-2475,-2475,-2476,-2476,-2471,-2466,-2461,-2456,-2457,-2458,-2458,-2459,-2455,-2450,-2445,-2446,-2447,-2442,-2443,-2444,-2439,-2434,-2435,-2430,-2430,-2425,-2426,-2427,-2427,-2428,-2423,-2418,-2413,-2414,-2414,-2409,-2404,-2399,-2395,-2395,-2390,-2385,-2386,-2381,-2382,-2377,-2372,-2373,-2373,-2374,-2370,-2370,-2371,-2366,-2361,-2356,-2357,-2352,-2353,-2354,-2349,-2349,-2350,-2346,-2346,-2341,-2337,-2338,-2333,-2328,-2323,-2318,-2314,-2309,-2306,-2301,-2296,-2297,-2292,-2287,-2282,-2277,-2272,-2273,-2268,-2268,-2264,-2259,-2254,-2249,-2250,-2250,-2245,-2240,-2236,-2231,-2226,-2220,-2215,-2210,-2205,-2201,-2201,-2202,-2197,-2192,-2188,-2183,-2179,-2175,-2175,-2176,-2172,-2172,-2167,-2168,-2163,-2164,-2165,-2160,-2160,-2161,-2156,-2151,-2146,-2141,-2137,-2137,-2138,-2133,-2128,-2125,-2120,-2120,-2115,-2116,-2111,-2106,-2107,-2102,-2097,-2097,-2092,-2093,-2088,-2088,-2083,-2078,-2074,-2070,-2070,-2065,-2061,-2061,-2056,-2052,-2053,-2048,-2048,-2044,-2039,-2034,-2029,-2025,-2026,-2021,-2021,-2022,-2023,-2023,-2018,-2019,-2014,-2009,-2004,-1999,-1995,-1990,-1985,-1981,-1981,-1977,-1972,-1968,-1968,-1964,-1959,-1959,-1954,-1955,-1950,-1945,-1940,-1935,-1930,-1925,-1920,-1915,-1916,-1911,-1907,-1907,-1903,-1898,-1899,-1900,-1900,-1901,-1896,-1897,-1892,-1893,-1894,-1889,-1884,-1885,-1880,-1875,-1871,-1866,-1862,-1857,-1853,-1848,-1849,-1844,-1845,-1845,-1846,-1847,-1842,-1837,-1832,-1828,-1823,-1818,-1814,-1809,-1804,-1799,-1795,-1795,-1796,-1791,-1786,-1781,-1776,-1771,-1772,-1767,-1762,-1757,-1753,-1748,-1743,-1743,-1744,-1739,-1734,-1729,-1724,-1719,-1714,-1709,-1704,-1699,-1694,-1695,-1695,-1690,-1691,-1692,-1687,-1682,-1682,-1683,-1678,-1673,-1671,-1671,-1667,-1662,-1657,-1652,-1647,-1642,-1637,-1632,-1633,-1628,-1623,-1623,-1618,-1613,-1608,-1603,-1598,-1593,-1588,-1583,-1578,-1574,-1574,-1569,-1570,-1565,-1560,-1561,-1556,-1551,-1546,-1542,-1537,-1532,-1533,-1528,-1523,-1518,-1514,-1509,-1504,-1505,-1500,-1495,-1491,-1486,-1481,-1477,-1472,-1467,-1463,-1463,-1459,-1454,-1450,-1445,-1446,-1441,-1437,-1432,-1433,-1428,-1424,-1419,-1415,-1410,-1406,-1401,-1402,-1398,-1393,-1389,-1384,-1380,-1376,-1239,-1239,-1239,-1239,-1239,-1239,-1239,-1239,-1239,-1239,-1239,-1239,-1239,-1239,-1239,-1239,-1239,-1239,-1239,-1239,-1239,-1239,-1239,-1239,-1239,-1239,-1239,-1239,-1239,-1239,-1239,-1239,-1239,-1239,-1239,-1219,-1199,-1179,-1159,-1139,-1119,-1099,-1079,-1059,-1039,-1019,-999,-979,-980,-960,-940,-920,-900,-880,-861,-841,-821,-801,-781,-762,-742,-722,-702,-683,-663,-643,-623,-604,-584,-564,-545,-525,-505,-506,-486,-467,-447,-428,-408,-388,-369,-349,-330,-310,-291,-271,-252,-232,-213,-193,-174,-154,-135,-115,-96,-76,-57,-38,-18,0
-3863,-3864,-3864,-3865,-3865,-3866,-3867,-3867,-3868,-3869,-3869,-3870,-3871,-3871,-3872,-3872,-3873,-3874,-3874,-3875,-3876,-3876,-3877,-3878,-3878,-3879,-3880,-3880,-3881,-3881,-3882,-3883,-3883,-3884,-3885,-3885,-3886,-3887,-3887,-3888,-3888,-3889,-3890,-3890,-3891,-3892,-3892,-3893,-3894,-3894,-3895,-3895,-3896,-3897,-3897,-3898,-3899,-3899,-3900,-3889,-3890,-3891,-3891,-3881,-3881,-3882,-3883,-3871,-3872,-3873,-3873,-3874,-3875,-3875,-3876,-3877,-3877,-3878,-3879,-3879,-3880,-3880,-3881,-3882,-3882,-3883,-3884,-3884,-3885,-3886,-3886,-3887,-3887,-3888,-3889,-3889,-3878,-3879,-3879,-3880,-3881,-3881,-3870,-3859,-3860,-3861,-3861,-3862,-3862,-3863,-3864,-3864,-3865,-3866,-3866,-3867,-3868,-3868,-3869,-3869,-3870,-3871,-3859,-3860,-3860,-3849,-3850,-3850,-3851,-3840,-3840,-3829,-3830,-3830,-3819,-3820,-3820,-3821,-3822,-3822,-3823,-3824,-3824,-3825,-3826,-3826,-3827,-3827,-3817,-3806,-3806,-3807,-3808,-3808,-3797,-3798,-3798,-3799,-3800,-3800,-3801,-3802,-3802,-3803,-3803,-3804,-3805,-3805,-3806,-3795,-3795,-3796,-3797,-3797,-3798,-3799,-3799,-3800,-3801,-3801,-3802,-3802,-3791,-3792,-3793,-3793,-3794,-3795,-3795,-3796,-3785,-3785,-3786,-3787,-3787,-3788,-3789,-3789,-3790,-3779,-3780,-3780,-3781,-3770,-3759,-3749,-3738,-3739,-3740,-3740,-3741,-3742,-3731,-3720,-3710,-3711,-3711,-3700,-3689,-3678,-3679,-3679,-3680,-3681,-3671,-3672,-3662,-3663,-3652,-3641,-3642,-3643,-3643,-3634,-3635,-3635,-3636,-3636,-3637,-3638,-3638,-3639,-3640,-3629,-3630,-3630,-3619,-3620,-3621,-3610,-3610,-3611,-3600,-3601,-3601,-3602,-3603,-3593,-3582,-3571,-3572,-3573,-3563,-3563,-3564,-3564,-3565,-3566,-3566,-3567,-3568,-3568,-3569,-3570,-3570,-3571,-3571,-3561,-3562,-3562,-3552,-3552,-3553,-3554,-3554,-3555,-3544,-3533,-3522,-3523,-3512,-3513,-3514,-3514,-3515,-3516,-3516,-3505,-3506,-3507,-3496,-3497,-3497,-3498,-3498,-3488,-3488,-3478,-3478,-3479,-3469,-3469,-3470,-3471,-3471,-3472,-3472,-3473,-3474,-3474,-3464,-3465,-3465,-3466,-3455,-3456,-3457,-3457,-3447,-3447,-3437,-3426,-3427,-3427,-3428,-3417,-3407,-3396,-3386,-3386,-3387,-3377,-3377,-3366,-3356,-3356,-3346,-3346,-3347,-3348,-3348,-3338,-3338,-3339,-3340,-3340,-3330,-3330,-3331,-3332,-3321,-3321,-3314,-3314,-3315,-3316,-3312,-3313,-3313,-3303,-3292,-3293,-3282,-3283,-3272,-3261,-3262,-3263,-3252,-3253,-3253,-3254,-3243,-3233,-3234,-3223,-3212,-3202,-3191,-3181,-3182,-3171,-3161,-3161,-3162,-3163,-3163,-3164,-3165,-3154,-3155,-3144,-3145,-3146,-3135,-3136,-3137,-3126,-3127,-3128,-3128,-3129,-3130,-3130,-3120,-3110,-3110,-3100,-3101,-3091,-3091,-3092,-3093,-3093,-3083,-3084,-3084,-3085,-3075,-3076,-3066,-3055,-3056,-3057,-3057,-3058,-3048,-3049,-3039,-3029,-3019,-3009,-3009,-3010,-3011,-3001,-2991,-2991,-2982,-2982,-2983,-2984,-2974,-2974,-2975,-2965,-2955,-2946,-2936,-2926,-2916,-2906,-2897,-2887,-2877,-2878,-2878,-2869,-2869,-2860,-2860,-2851,-2841,-2831,-2822,-2812,-2813,-2803,-2804,-2794,-2785,-2785,-2786,-2787,-2787,-2788,-2778,-2769,-2770,-2760,-2761,-2761,-2752,-2753,-2743,-2744,-2734,-2725,-2726,-2716,-2717,-2585,-2586,-2581,-2575,-2576,-2577,-2571,-2566,-2567,-2567,-2568,-2569,-2564,-2559,-2559,-2554,-2549,-2549,-2544,-2545,-2540,-2541,-2536,-2536,-2531,-2526,-2521,-2522,-2523,-2523,-2518,-2519,-2520,-2520,-2521,-2516,-2511,-2506,-2501,-2497,-2492,-2493,-2493,-2494,-2489,-2490,-2490,-2491,-2486,-2481,-2476,-2472,-2472,-2473,-2473,-2474,-2469,-2465,-2460,-2461,-2462,-2457,-2458,-2459,-2453,-2448,-2449,-2444,-2445,-2440,-2440,-2441,-2441,-2442,-2438,-2433,-2427,-2428,-2429,-2424,-2419,-2414,-2409,-2409,-2405,-2400,-2400,-2395,-2396,-2391,-2387,-2388,-2388,-2389,-2384,-2385,-2385,-2380,-2376,-2371,-2372,-2367,-2368,-2368,-2364,-2364,-2365,-2360,-2361,-2356,-2352,-2352,-2348,-2343,-2338,-2333,-2328,-2325,-2321,-2316,-2311,-2311,-2306,-2301,-2297,-2292,-2287,-2287,-2283,-2283,-2278,-2273,-2268,-2263,-2264,-2265,-2260,-2255,-2250,-2245,-2240,-2235,-2230,-2225,-2220,-2215,-2216,-2217,-2212,-2207,-2202,-2199,-2194,-2190,-2190,-2191,-2186,-2187,-2182,-2183,-2178,-2179,-2179,-2174,-2175,-2176,-2171,-2166,-2161,-2156,-2151,-2152,-2152,-2148,-2144,-2139,-2134,-2135,-2130,-2130,-2125,-2120,-2121,-2116,-2111,-2112,-2107,-2107,-2102,-2103,-2098,-2094,-2089,-2084,-2085,-2080,-2075,-2076,-2071,-2067,-2067,-2062,-2063,-2058,-2053,-2048,-2044,-2039,-2040,-2035,-2036,-2036,-2037,-2038,-2033,-2033,-2029,-2024,-2019,-2014,-2009,-2004,-2000,-1996,-1996,-1991,-1987,-1982,-1983,-1978,-1973,-1974,-1969,-1969,-1964,-1959,-1955,-1950,-1945,-1940,-1935,-1930,-1931,-1926,-1922,-1923,-1918,-1913,-1914,-1914,-1915,-1916,-1911,-1912,-1907,-1908,-1908,-1904,-1899,-1899,-1895,-1890,-1885,-1881,-1877,-1872,-1868,-1863,-1864,-1859,-1859,-1860,-1861,-1861,-1857,-1852,-1847,-1843,-1838,-1833,-1828,-1823,-1818,-1814,-1809,-1810,-1810,-1805,-1801,-1796,-1791,-1786,-1786,-1782,-1777,-1772,-1767,-1762,-1757,-1758,-1758,-1754,-1749,-1744,-1739,-1734,-1729,-1724,-1719,-1713,-1708,-1709,-1710,-1705,-1705,-1706,-1701,-1696,-1696,-1697,-1692,-1690,-1690,-1686,-1682,-1677,-1672,-1666,-1661,-1656,-1651,-1646,-1647,-1642,-1637,-1637,-1633,-1628,-1623,-1618,-1613,-1608,-1603,-1598,-1593,-1588,-1589,-1584,-1584,-1580,-1575,-1575,-1571,-1566,-1561,-1556,-1551,-1547,-1547,-1542,-1538,-1533,-1528,-1523,-1519,-1519,-1515,-1510,-1505,-1501,-1496,-1491,-1487,-1482,-1478,-1478,-1474,-1469,-1464,-1460,-1461,-1456,-1451,-1447,-1448,-1443,-1439,-1434,-1430,-1425,-1421,-1416,-1417,-1413,-1408,-1404,-1399,-1395,-1391,-1259,-1259,-1259,-1259,-1258,-1258,-1258,-1258,-1258,-1258,-1258,-1258,-1258,-1258,-1258,-1258,-1258,-1258,-1258,-1258,-1258,-1258,-1258,-1258,-1258,-1258,-1258,-1258,-1258,-1258,-1258,-1258,-1258,-1258,-1238,-1218,-1198,-1178,-1158,-1138,-1118,-1098,-1078,-1058,-1038,-1018,-998,-979,-979,-959,-939,-920,-900,-880,-860,-840,-821,-801,-781,-761,-741,-722,-702,-682,-662,-643,-623,-603,-584,-564,-544,-525,-505,-506,-486,-467,-447,-427,-408,-388,-369,-349,-330,-310,-290,-271,-251,-232,-212,-193,-174,-154,-135,-115,-96,-76,-57,-38,-18,0
-3871,-3872,-3872,-3873,-3874,-3874,-3875,-3876,-3876,-3877,-3878,-3878,-3879,-3879,-3880,-3881,-3881,-3882,-3883,-3883,-3884,-3885,-3885,-3886,-3887,-3887,-3888,-3889,-3889,-3890,-3891,-3891,-3892,-3892,-3893,-3894,-3894,-3895,-3896,-3896,-3897,-3898,-3898,-3899,-3900,-3900,-3901,-3902,-3902,-3903,-3904,-3904,-3905,-3905,-3906,-3907,-3907,-3908,-3909,-3898,-3899,-3899,-3900,-3889,-3890,-3890,-3891,-3879,-3880,-3880,-3881,-3882,-3882,-3883,-3884,-3884,-3885,-3886,-3886,-3887,-3888,-3888,-3889,-3890,-3890,-3891,-3891,-3892,-3893,-3893,-3894,-3895,-3895,-3896,-3897,-3897,-3886,-3887,-3888,-3888,-3889,-3890,-3879,-3867,-3868,-3868,-3869,-3869,-3870,-3871,-3871,-3872,-3873,-3873,-3874,-3875,-3875,-3876,-3877,-3877,-3878,-3879,-3867,-3868,-3869,-3857,-3858,-3859,-3859,-3848,-3848,-3837,-3838,-3839,-3828,-3829,-3829,-3830,-3830,-3831,-3832,-3832,-3833,-3834,-3834,-3835,-3836,-3836,-3825,-3814,-3814,-3815,-3816,-3816,-3805,-3806,-3806,-3807,-3808,-3808,-3809,-3810,-3810,-3811,-3812,-3812,-3813,-3813,-3814,-3803,-3804,-3804,-3805,-3806,-3806,-3807,-3807,-3808,-3809,-3809,-3810,-3811,-3800,-3800,-3801,-3802,-3802,-3803,-3803,-3804,-3793,-3794,-3794,-3795,-3796,-3796,-3797,-3798,-3798,-3787,-3788,-3789,-3789,-3778,-3769,-3758,-3747,-3748,-3748,-3749,-3750,-3750,-3740,-3729,-3718,-3719,-3720,-3709,-3698,-3688,-3689,-3689,-3690,-3691,-3681,-3682,-3671,-3672,-3661,-3651,-3652,-3653,-3653,-3643,-3643,-3644,-3645,-3645,-3646,-3646,-3647,-3648,-3648,-3637,-3638,-3639,-3628,-3628,-3629,-3618,-3619,-3620,-3610,-3610,-3611,-3612,-3612,-3601,-3591,-3581,-3581,-3582,-3571,-3572,-3573,-3573,-3574,-3575,-3575,-3576,-3577,-3577,-3578,-3579,-3579,-3580,-3581,-3570,-3570,-3571,-3560,-3561,-3561,-3562,-3563,-3563,-3553,-3542,-3531,-3532,-3521,-3521,-3522,-3523,-3523,-3524,-3525,-3514,-3515,-3515,-3505,-3505,-3506,-3506,-3507,-3496,-3497,-3487,-3487,-3488,-3477,-3478,-3479,-3479,-3480,-3481,-3481,-3482,-3483,-3483,-3473,-3473,-3474,-3475,-3464,-3465,-3465,-3466,-3455,-3456,-3445,-3435,-3435,-3436,-3437,-3426,-3416,-3405,-3395,-3395,-3396,-3385,-3386,-3375,-3365,-3365,-3354,-3355,-3356,-3356,-3357,-3346,-3347,-3348,-3348,-3349,-3338,-3339,-3340,-3340,-3332,-3333,-3329,-3330,-3331,-3331,-3321,-3321,-3322,-3311,-3301,-3301,-3291,-3291,-3281,-3270,-3271,-3271,-3261,-3261,-3262,-3263,-3252,-3242,-3242,-3232,-3221,-3211,-3200,-3190,-3191,-3180,-3170,-3170,-3171,-3172,-3172,-3173,-3174,-3163,-3164,-3153,-3154,-3155,-3144,-3145,-3146,-3135,-3136,-3137,-3137,-3138,-3139,-3139,-3129,-3119,-3120,-3109,-3110,-3100,-3101,-3101,-3102,-3102,-3092,-3093,-3094,-3094,-3084,-3085,-3075,-3065,-3065,-3066,-3067,-3067,-3057,-3058,-3048,-3038,-3028,-3018,-3019,-3019,-3020,-3010,-3000,-3001,-2991,-2992,-2992,-2993,-2983,-2984,-2984,-2975,-2965,-2955,-2945,-2936,-2926,-2916,-2906,-2897,-2887,-2887,-2888,-2878,-2879,-2869,-2870,-2860,-2851,-2841,-2832,-2822,-2823,-2813,-2814,-2804,-2795,-2795,-2796,-2796,-2797,-2798,-2788,-2779,-2779,-2770,-2771,-2771,-2762,-2762,-2753,-2754,-2744,-2735,-2736,-2726,-2727,-2599,-2600,-2595,-2589,-2590,-2591,-2585,-2580,-2581,-2582,-2582,-2583,-2578,-2573,-2573,-2568,-2563,-2564,-2559,-2560,-2555,-2555,-2550,-2551,-2546,-2541,-2536,-2536,-2537,-2538,-2533,-2533,-2534,-2535,-2535,-2530,-2525,-2520,-2516,-2511,-2506,-2507,-2508,-2508,-2503,-2504,-2505,-2505,-2500,-2495,-2491,-2486,-2487,-2487,-2488,-2489,-2484,-2480,-2475,-2476,-2477,-2472,-2472,-2473,-2468,-2463,-2463,-2458,-2459,-2454,-2455,-2456,-2456,-2457,-2452,-2447,-2442,-2442,-2443,-2438,-2433,-2428,-2423,-2424,-2419,-2414,-2415,-2410,-2411,-2406,-2401,-2402,-2403,-2403,-2399,-2399,-2400,-2395,-2391,-2386,-2386,-2382,-2382,-2383,-2378,-2379,-2379,-2375,-2376,-2371,-2366,-2367,-2362,-2357,-2352,-2348,-2345,-2340,-2335,-2330,-2325,-2326,-2321,-2316,-2311,-2306,-2301,-2302,-2297,-2297,-2292,-2288,-2283,-2278,-2279,-2279,-2274,-2269,-2264,-2259,-2254,-2249,-2244,-2239,-2235,-2230,-2230,-2231,-2227,-2222,-2218,-2213,-2209,-2204,-2205,-2205,-2201,-2202,-2197,-2197,-2192,-2193,-2194,-2189,-2189,-2190,-2185,-2180,-2175,-2170,-2166,-2166,-2167,-2163,-2158,-2153,-2148,-2149,-2144,-2145,-2140,-2135,-2135,-2130,-2125,-2126,-2121,-2121,-2116,-2117,-2113,-2108,-2103,-2099,-2099,-2094,-2090,-2091,-2086,-2081,-2082,-2077,-2077,-2073,-2068,-2064,-2059,-2054,-2055,-2050,-2050,-2051,-2052,-2052,-2047,-2048,-2043,-2038,-2033,-2028,-2023,-2019,-2015,-2010,-2011,-2007,-2002,-1997,-1997,-1992,-1987,-1988,-1983,-1984,-1979,-1974,-1969,-1964,-1959,-1954,-1949,-1945,-1945,-1941,-1937,-1937,-1932,-1928,-1928,-1929,-1930,-1930,-1926,-1926,-1922,-1922,-1923,-1918,-1913,-1914,-1909,-1905,-1900,-1896,-1891,-1887,-1882,-1877,-1878,-1873,-1874,-1875,-1875,-1876,-1871,-1866,-1862,-1857,-1852,-1847,-1843,-1838,-1833,-1828,-1823,-1824,-1825,-1820,-1815,-1810,-1805,-1800,-1801,-1796,-1791,-1786,-1781,-1776,-1772,-1772,-1773,-1768,-1763,-1758,-1753,-1748,-1743,-1738,-1733,-1728,-1723,-1723,-1724,-1719,-1720,-1720,-1715,-1710,-1711,-1711,-1709,-1709,-1705,-1701,-1696,-1691,-1686,-1681,-1676,-1671,-1666,-1661,-1661,-1656,-1651,-1652,-1647,-1642,-1637,-1632,-1627,-1622,-1617,-1612,-1607,-1602,-1603,-1598,-1599,-1594,-1589,-1590,-1585,-1580,-1575,-1571,-1566,-1561,-1562,-1557,-1552,-1548,-1543,-1538,-1533,-1534,-1529,-1525,-1520,-1515,-1511,-1506,-1502,-1497,-1492,-1493,-1488,-1484,-1479,-1475,-1475,-1471,-1466,-1462,-1462,-1458,-1453,-1449,-1445,-1440,-1436,-1431,-1432,-1427,-1423,-1419,-1414,-1410,-1406,-1278,-1278,-1278,-1278,-1278,-1278,-1278,-1278,-1278,-1278,-1278,-1278,-1278,-1278,-1278,-1278,-1278,-1278,-1278,-1278,-1278,-1278,-1277,-1277,-1277,-1277,-1277,-1277,-1277,-1277,-1277,-1277,-1277,-1257,-1237,-1217,-1197,-1177,-1157,-1137,-1117,-1097,-1078,-1058,-1038,-1018,-998,-978,-979,-959,-939,-919,-899,-879,-860,-840,-820,-800,-781,-761,-741,-721,-702,-682,-662,-642,-623,-603,-583,-564,-544,-524,-505,-505,-486,-466,-447,-427,-408,-388,-368,-349,-329,-310,-290,-271,-251,-232,-212,-193,-173,-154,-135,-115,-96,-76,-57,-38,-18,0
-3879,-3880,-3880,-3881,-3882,-3882,-3883,-3884,-3884,-3885,-3886,-3886,-3887,-3888,-3888,-3889,-3890,-3890,-3891,-3892,-3892,-3893,-3894,-3894,-3895,-3896,-3896,-3897,-3898,-3898,-3899,-3900,-3900,-3901,-3901,-3902,-3903,-3903,-3904,-3905,-3905,-3906,-3907,-3907,-3908,-3909,-3909,-3910,-3911,-3911,-3912,-3913,-3913,-3914,-3915,-3915,-3916,-3917,-3917,-3906,-3907,-3908,-3908,-3896,-3897,-3898,-3898,-3887,-3888,-3889,-3889,-3890,-3891,-3891,-3892,-3893,-3893,-3894,-3895,-3895,-3896,-3897,-3897,-3898,-3899,-3899,-3900,-3901,-3901,-3902,-3903,-3903,-3904,-3904,-3905,-3906,-3895,-3895,-3896,-3897,-3897,-3898,-3886,-3875,-3875,-3876,-3877,-3877,-3878,-3879,-3879,-3880,-3881,-3881,-3882,-3883,-3883,-3884,-3885,-3885,-3886,-3887,-3875,-3876,-3877,-3865,-3866,-3866,-3867,-3856,-3857,-3846,-3847,-3847,-3836,-3836,-3837,-3838,-3838,-3839,-3840,-3840,-3841,-3842,-3842,-3843,-3844,-3844,-3833,-3822,-3822,-3823,-3824,-3824,-3813,-3814,-3814,-3815,-3816,-3816,-3817,-3818,-3818,-3819,-3820,-3820,-3821,-3822,-3822,-3811,-3812,-3812,-3813,-3814,-3814,-3815,-3816,-3816,-3817,-3818,-3818,-3819,-3808,-3808,-3809,-3810,-3810,-3811,-3812,-3812,-3802,-3802,-3803,-3803,-3804,-3805,-3805,-3806,-3807,-3796,-3796,-3797,-3798,-3788,-3777,-3766,-3756,-3756,-3757,-3758,-3758,-3759,-3749,-3738,-3727,-3727,-3728,-3717,-3708,-3698,-3698,-3699,-3700,-3700,-3690,-3690,-3679,-3680,-3671,-3660,-3661,-3661,-3662,-3651,-3652,-3652,-3653,-3654,-3654,-3655,-3655,-3656,-3657,-3646,-3647,-3647,-3636,-3637,-3638,-3628,-3628,-3629,-3618,-3619,-3619,-3620,-3621,-3610,-3600,-3589,-3590,-3591,-3580,-3580,-3581,-3582,-3582,-3583,-3584,-3584,-3585,-3586,-3586,-3587,-3588,-3588,-3589,-3578,-3579,-3580,-3569,-3569,-3570,-3571,-3571,-3572,-3561,-3550,-3540,-3540,-3529,-3530,-3531,-3531,-3532,-3533,-3533,-3523,-3523,-3524,-3513,-3514,-3514,-3515,-3516,-3505,-3506,-3495,-3496,-3497,-3486,-3487,-3487,-3488,-3489,-3489,-3490,-3491,-3491,-3492,-3481,-3482,-3483,-3483,-3473,-3473,-3474,-3475,-3464,-3465,-3454,-3443,-3444,-3445,-3445,-3435,-3424,-3414,-3403,-3404,-3405,-3394,-3395,-3384,-3373,-3374,-3363,-3364,-3364,-3365,-3366,-3355,-3356,-3356,-3357,-3358,-3350,-3350,-3351,-3352,-3348,-3349,-3338,-3339,-3339,-3340,-3329,-3330,-3331,-3320,-3309,-3310,-3299,-3300,-3289,-3279,-3279,-3280,-3270,-3270,-3271,-3272,-3261,-3251,-3251,-3241,-3230,-3220,-3209,-3199,-3199,-3189,-3179,-3179,-3180,-3181,-3181,-3182,-3183,-3172,-3173,-3162,-3163,-3164,-3153,-3154,-3155,-3145,-3145,-3146,-3147,-3147,-3148,-3148,-3138,-3128,-3129,-3119,-3119,-3109,-3110,-3110,-3111,-3112,-3102,-3102,-3103,-3104,-3094,-3094,-3084,-3074,-3075,-3075,-3076,-3077,-3067,-3067,-3057,-3047,-3038,-3028,-3028,-3029,-3030,-3020,-3010,-3010,-3001,-3001,-3002,-3003,-2993,-2993,-2994,-2984,-2974,-2965,-2955,-2945,-2935,-2926,-2916,-2906,-2896,-2897,-2898,-2888,-2889,-2879,-2880,-2870,-2860,-2851,-2841,-2832,-2832,-2823,-2823,-2814,-2804,-2805,-2806,-2806,-2807,-2808,-2798,-2789,-2789,-2780,-2780,-2781,-2772,-2772,-2763,-2764,-2754,-2745,-2746,-2736,-2737,-2613,-2614,-2609,-2603,-2604,-2605,-2600,-2595,-2595,-2596,-2597,-2597,-2592,-2587,-2588,-2582,-2578,-2578,-2573,-2574,-2569,-2570,-2565,-2565,-2560,-2555,-2550,-2551,-2551,-2552,-2547,-2548,-2548,-2549,-2550,-2545,-2540,-2536,-2531,-2526,-2521,-2521,-2522,-2523,-2518,-2518,-2519,-2520,-2515,-2510,-2506,-2501,-2501,-2502,-2503,-2503,-2499,-2495,-2490,-2490,-2491,-2486,-2486,-2487,-2482,-2477,-2478,-2473,-2474,-2469,-2469,-2470,-2471,-2471,-2466,-2461,-2456,-2457,-2458,-2453,-2448,-2443,-2438,-2438,-2434,-2429,-2429,-2425,-2426,-2421,-2416,-2417,-2417,-2418,-2413,-2414,-2414,-2410,-2405,-2400,-2401,-2396,-2397,-2398,-2393,-2394,-2394,-2390,-2390,-2386,-2381,-2381,-2376,-2372,-2367,-2364,-2359,-2354,-2349,-2344,-2340,-2340,-2335,-2330,-2325,-2321,-2316,-2316,-2311,-2312,-2307,-2302,-2297,-2292,-2293,-2294,-2289,-2284,-2279,-2273,-2268,-2263,-2259,-2254,-2249,-2245,-2245,-2246,-2241,-2237,-2233,-2228,-2223,-2219,-2220,-2220,-2215,-2216,-2211,-2212,-2207,-2207,-2208,-2203,-2204,-2204,-2199,-2195,-2190,-2185,-2181,-2182,-2183,-2178,-2173,-2168,-2163,-2163,-2158,-2159,-2154,-2149,-2150,-2145,-2140,-2140,-2135,-2136,-2132,-2132,-2128,-2123,-2118,-2113,-2114,-2109,-2105,-2105,-2100,-2095,-2096,-2091,-2092,-2087,-2083,-2078,-2073,-2068,-2069,-2064,-2065,-2065,-2066,-2067,-2062,-2062,-2058,-2053,-2048,-2043,-2039,-2034,-2030,-2025,-2026,-2021,-2016,-2011,-2012,-2007,-2002,-2002,-1997,-1998,-1993,-1988,-1983,-1978,-1973,-1969,-1964,-1960,-1961,-1956,-1951,-1952,-1947,-1942,-1943,-1944,-1944,-1945,-1940,-1941,-1936,-1937,-1938,-1933,-1928,-1929,-1924,-1920,-1915,-1911,-1906,-1902,-1897,-1892,-1893,-1888,-1888,-1889,-1890,-1890,-1886,-1881,-1876,-1872,-1867,-1862,-1857,-1853,-1848,-1843,-1838,-1839,-1839,-1834,-1829,-1825,-1820,-1815,-1815,-1811,-1806,-1801,-1796,-1791,-1786,-1787,-1787,-1782,-1777,-1772,-1767,-1762,-1757,-1752,-1747,-1742,-1737,-1738,-1738,-1733,-1734,-1735,-1729,-1727,-1728,-1729,-1729,-1725,-1720,-1715,-1710,-1705,-1700,-1695,-1690,-1685,-1680,-1675,-1676,-1671,-1666,-1666,-1661,-1656,-1651,-1646,-1641,-1637,-1632,-1627,-1622,-1617,-1618,-1613,-1613,-1609,-1604,-1604,-1600,-1595,-1590,-1585,-1580,-1576,-1576,-1572,-1567,-1562,-1557,-1553,-1548,-1549,-1544,-1539,-1535,-1530,-1525,-1521,-1516,-1512,-1507,-1508,-1503,-1499,-1494,-1490,-1490,-1486,-1481,-1477,-1477,-1473,-1468,-1464,-1459,-1455,-1451,-1446,-1447,-1442,-1438,-1434,-1429,-1425,-1421,-1297,-1297,-1297,-1297,-1297,-1297,-1297,-1297,-1297,-1297,-1297,-1297,-1297,-1297,-1297,-1297,-1297,-1297,-1297,-1297,-1297,-1297,-1297,-1297,-1297,-1297,-1297,-1297,-1297,-1297,-1297,-1297,-1277,-1257,-1237,-1217,-1197,-1177,-1157,-1137,-1117,-1097,-1077,-1057,-1037,-1017,-997,-978,-978,-958,-938,-919,-899,-879,-859,-839,-820,-800,-780,-760,-741,-721,-701,-681,-662,-642,-622,-603,-583,-563,-544,-524,-505,-505,-486,-466,-446,-427,-407,-388,-368,-349,-329,-310,-290,-271,-251,-232,-212,-193,-173,-154,-135,-115,-96,-76,-57,-38,-18,0
-3887,-3887,-3888,-3889,-3889,-3890,-3891,-3891,-3892,-3893,-3893,-3894,-3895,-3895,-3896,-3897,-3897,-3898,-3899,-3899,-3900,-3901,-3901,-3902,-3903,-3903,-3904,-3905,-3905,-3906,-3907,-3907,-3908,-3909,-3909,-3910,-3911,-3911,-3912,-3913,-3914,-3914,-3915,-3916,-3916,-3917,-3918,-3918,-3919,-3920,-3920,-3921,-3922,-3922,-3923,-3924,-3924,-3925,-3926,-3914,-3914,-3915,-3916,-3905,-3905,-3906,-3907,-3895,-3896,-3897,-3897,-3898,-3899,-3899,-3900,-3901,-3901,-3902,-3903,-3903,-3904,-3905,-3905,-3906,-3907,-3907,-3908,-3909,-3909,-3910,-3911,-3911,-3912,-3913,-3913,-3914,-3902,-3903,-3904,-3904,-3905,-3906,-3894,-3883,-3883,-3884,-3885,-3885,-3886,-3887,-3887,-3888,-3889,-3889,-3890,-3891,-3891,-3892,-3893,-3893,-3894,-3895,-3883,-3884,-3884,-3873,-3874,-3875,-3875,-3865,-3865,-3854,-3854,-3855,-3844,-3844,-3845,-3846,-3846,-3847,-3848,-3848,-3849,-3850,-3850,-3851,-3852,-3853,-3841,-3830,-3830,-3831,-3832,-3832,-3821,-3822,-3822,-3823,-3824,-3824,-3825,-3826,-3826,-3827,-3828,-3828,-3829,-3830,-3830,-3819,-3820,-3820,-3821,-3822,-3822,-3823,-3824,-3824,-3825,-3826,-3826,-3827,-3816,-3817,-3817,-3818,-3819,-3819,-3820,-3821,-3810,-3810,-3811,-3812,-3812,-3813,-3814,-3814,-3815,-3805,-3806,-3807,-3807,-3796,-3786,-3775,-3765,-3765,-3766,-3767,-3767,-3768,-3757,-3746,-3735,-3736,-3736,-3727,-3717,-3706,-3707,-3708,-3708,-3709,-3698,-3699,-3689,-3690,-3679,-3668,-3669,-3670,-3670,-3659,-3660,-3660,-3661,-3662,-3663,-3663,-3664,-3665,-3665,-3654,-3655,-3656,-3646,-3646,-3647,-3636,-3637,-3637,-3627,-3627,-3628,-3629,-3629,-3619,-3609,-3598,-3598,-3599,-3588,-3589,-3589,-3590,-3591,-3591,-3592,-3593,-3594,-3594,-3595,-3596,-3596,-3597,-3598,-3587,-3587,-3588,-3577,-3578,-3578,-3579,-3580,-3580,-3570,-3559,-3548,-3549,-3538,-3539,-3539,-3540,-3541,-3541,-3542,-3531,-3532,-3532,-3522,-3523,-3523,-3524,-3525,-3514,-3515,-3504,-3505,-3505,-3495,-3495,-3496,-3497,-3497,-3498,-3499,-3499,-3500,-3501,-3490,-3491,-3491,-3492,-3481,-3482,-3483,-3483,-3473,-3473,-3463,-3452,-3453,-3454,-3454,-3444,-3433,-3423,-3412,-3413,-3413,-3403,-3403,-3392,-3382,-3382,-3372,-3372,-3373,-3374,-3374,-3366,-3367,-3368,-3368,-3369,-3365,-3366,-3367,-3367,-3357,-3357,-3347,-3347,-3348,-3349,-3338,-3339,-3339,-3329,-3318,-3319,-3308,-3309,-3298,-3288,-3288,-3289,-3278,-3279,-3280,-3280,-3270,-3259,-3260,-3250,-3239,-3229,-3218,-3208,-3208,-3198,-3187,-3188,-3189,-3189,-3190,-3191,-3191,-3181,-3182,-3171,-3172,-3173,-3163,-3163,-3164,-3154,-3154,-3155,-3156,-3156,-3157,-3158,-3147,-3137,-3138,-3128,-3128,-3118,-3119,-3120,-3120,-3121,-3111,-3111,-3112,-3113,-3103,-3103,-3093,-3083,-3084,-3085,-3085,-3086,-3076,-3077,-3067,-3057,-3047,-3037,-3038,-3038,-3039,-3029,-3019,-3020,-3010,-3011,-3011,-3012,-3002,-3003,-3004,-2994,-2984,-2974,-2964,-2955,-2945,-2935,-2926,-2916,-2906,-2907,-2907,-2898,-2898,-2889,-2889,-2880,-2870,-2861,-2851,-2841,-2842,-2833,-2833,-2824,-2814,-2815,-2815,-2816,-2817,-2817,-2808,-2798,-2799,-2790,-2790,-2791,-2782,-2782,-2773,-2774,-2764,-2755,-2755,-2746,-2747,-2627,-2628,-2623,-2618,-2618,-2619,-2614,-2609,-2609,-2610,-2611,-2611,-2606,-2601,-2602,-2597,-2592,-2593,-2588,-2588,-2583,-2584,-2579,-2580,-2574,-2569,-2564,-2565,-2566,-2566,-2561,-2562,-2563,-2563,-2564,-2559,-2555,-2550,-2545,-2540,-2535,-2536,-2536,-2537,-2532,-2533,-2533,-2534,-2530,-2525,-2520,-2516,-2516,-2517,-2518,-2518,-2514,-2509,-2504,-2504,-2505,-2500,-2501,-2501,-2496,-2492,-2492,-2487,-2488,-2483,-2483,-2484,-2485,-2485,-2480,-2476,-2471,-2471,-2472,-2467,-2462,-2457,-2452,-2453,-2448,-2444,-2444,-2439,-2440,-2435,-2430,-2431,-2432,-2432,-2428,-2429,-2429,-2424,-2420,-2415,-2416,-2411,-2412,-2412,-2408,-2408,-2409,-2404,-2405,-2400,-2395,-2396,-2391,-2386,-2383,-2379,-2374,-2369,-2364,-2359,-2354,-2355,-2350,-2345,-2340,-2335,-2330,-2330,-2326,-2326,-2321,-2317,-2312,-2307,-2307,-2308,-2303,-2298,-2293,-2288,-2283,-2278,-2273,-2268,-2264,-2259,-2260,-2260,-2257,-2252,-2248,-2243,-2238,-2233,-2234,-2235,-2230,-2230,-2225,-2226,-2221,-2222,-2222,-2217,-2218,-2219,-2214,-2209,-2204,-2201,-2196,-2196,-2197,-2192,-2187,-2182,-2177,-2178,-2173,-2173,-2168,-2163,-2164,-2159,-2154,-2154,-2150,-2151,-2146,-2147,-2142,-2137,-2132,-2128,-2129,-2124,-2119,-2120,-2115,-2110,-2111,-2106,-2106,-2102,-2097,-2093,-2088,-2083,-2083,-2078,-2079,-2080,-2080,-2081,-2076,-2077,-2072,-2067,-2062,-2058,-2054,-2049,-2045,-2040,-2040,-2035,-2030,-2025,-2026,-2021,-2016,-2017,-2012,-2013,-2008,-2003,-1998,-1993,-1988,-1983,-1979,-1975,-1975,-1970,-1966,-1966,-1962,-1957,-1958,-1958,-1959,-1960,-1955,-1956,-1951,-1951,-1952,-1947,-1943,-1943,-1939,-1935,-1930,-1926,-1921,-1916,-1911,-1906,-1907,-1902,-1903,-1904,-1904,-1905,-1901,-1896,-1891,-1886,-1881,-1876,-1872,-1867,-1862,-1857,-1852,-1853,-1854,-1849,-1844,-1839,-1834,-1829,-1830,-1825,-1820,-1815,-1810,-1805,-1800,-1801,-1802,-1797,-1792,-1787,-1782,-1777,-1772,-1766,-1761,-1756,-1751,-1752,-1753,-1747,-1748,-1749,-1747,-1747,-1747,-1748,-1744,-1740,-1735,-1730,-1724,-1719,-1714,-1709,-1704,-1699,-1694,-1689,-1690,-1685,-1680,-1681,-1676,-1671,-1666,-1661,-1656,-1651,-1646,-1641,-1636,-1631,-1632,-1627,-1628,-1623,-1618,-1619,-1614,-1609,-1605,-1600,-1595,-1590,-1591,-1586,-1581,-1577,-1572,-1567,-1563,-1563,-1559,-1554,-1549,-1545,-1540,-1536,-1531,-1526,-1522,-1522,-1518,-1513,-1509,-1504,-1505,-1500,-1496,-1491,-1492,-1488,-1483,-1479,-1474,-1470,-1465,-1461,-1462,-1457,-1453,-1449,-1444,-1440,-1436,-1317,-1317,-1317,-1316,-1316,-1316,-1316,-1316,-1316,-1316,-1316,-1316,-1316,-1316,-1316,-1316,-1316,-1316,-1316,-1316,-1316,-1316,-1316,-1316,-1316,-1316,-1316,-1316,-1316,-1316,-1316,-1296,-1276,-1256,-1236,-1216,-1196,-1176,-1156,-1136,-1116,-1096,-1076,-1056,-1037,-1017,-997,-977,-978,-958,-938,-918,-898,-879,-859,-839,-819,-799,-780,-760,-740,-721,-701,-681,-661,-642,-622,-602,-583,-563,-543,-524,-504,-505,-485,-466,-446,-427,-407,-388,-368,-348,-329,-309,-290,-271,-251,-232,-212,-193,-173,-154,-134,-115,-96,-76,-57,-38,-18,0
-3894,-3894,-3895,-3896,-3896,-3897,-3898,-3898,-3899,-3900,-3901,-3901,-3902,-3903,-3903,-3904,-3905,-3905,-3906,-3907,-3907,-3908,-3909,-3909,-3910,-3911,-3911,-3912,-3913,-3913,-3914,-3915,-3915,-3916,-3917,-3917,-3918,-3919,-3920,-3920,-3921,-3922,-3922,-3923,-3924,-3924,-3925,-3926,-3926,-3927,-3928,-3928,-3929,-3930,-3930,-3931,-3932,-3932,-3933,-3922,-3923,-3923,-3924,-3912,-3913,-3914,-3915,-3902,-3903,-3904,-3904,-3905,-3906,-3907,-3907,-3908,-3909,-3909,-3910,-3911,-3911,-3912,-3913,-3913,-3914,-3915,-3915,-3916,-3917,-3917,-3918,-3919,-3919,-3920,-3921,-3921,-3910,-3911,-3911,-3912,-3913,-3913,-3902,-3890,-3891,-3891,-3892,-3893,-3893,-3894,-3895,-3896,-3896,-3897,-3898,-3898,-3899,-3900,-3900,-3901,-3902,-3902,-3891,-3892,-3893,-3882,-3883,-3883,-3884,-3872,-3873,-3862,-3862,-3863,-3852,-3852,-3853,-3854,-3854,-3855,-3856,-3856,-3857,-3858,-3858,-3859,-3860,-3860,-3849,-3838,-3838,-3839,-3840,-3840,-3829,-3830,-3830,-3831,-3832,-3832,-3833,-3834,-3834,-3835,-3836,-3836,-3837,-3838,-3838,-3827,-3828,-3829,-3829,-3830,-3831,-3831,-3832,-3833,-3833,-3834,-3835,-3835,-3824,-3825,-3826,-3826,-3827,-3828,-3828,-3829,-3819,-3820,-3821,-3821,-3822,-3823,-3823,-3824,-3825,-3814,-3814,-3815,-3816,-3805,-3794,-3784,-3773,-3774,-3774,-3775,-3776,-3776,-3765,-3754,-3745,-3745,-3746,-3736,-3726,-3715,-3715,-3716,-3717,-3717,-3708,-3709,-3698,-3699,-3688,-3676,-3677,-3678,-3678,-3667,-3668,-3669,-3669,-3670,-3671,-3672,-3672,-3673,-3674,-3664,-3664,-3665,-3654,-3655,-3655,-3645,-3645,-3646,-3636,-3637,-3637,-3638,-3639,-3628,-3617,-3606,-3607,-3607,-3596,-3597,-3598,-3599,-3599,-3600,-3601,-3601,-3602,-3603,-3603,-3604,-3605,-3605,-3606,-3595,-3596,-3596,-3586,-3586,-3587,-3588,-3588,-3589,-3578,-3567,-3556,-3557,-3546,-3547,-3548,-3548,-3549,-3550,-3550,-3540,-3541,-3541,-3531,-3531,-3532,-3533,-3533,-3523,-3523,-3513,-3513,-3514,-3503,-3504,-3505,-3505,-3506,-3507,-3507,-3508,-3509,-3509,-3499,-3499,-3500,-3501,-3490,-3491,-3491,-3492,-3481,-3482,-3472,-3461,-3462,-3462,-3463,-3453,-3442,-3431,-3420,-3421,-3422,-3411,-3412,-3401,-3390,-3391,-3383,-3384,-3384,-3385,-3386,-3382,-3383,-3383,-3384,-3385,-3374,-3375,-3375,-3376,-3365,-3366,-3355,-3356,-3357,-3357,-3347,-3347,-3348,-3337,-3327,-3327,-3317,-3317,-3307,-3296,-3297,-3298,-3287,-3288,-3288,-3289,-3279,-3268,-3269,-3258,-3248,-3237,-3227,-3217,-3217,-3207,-3196,-3197,-3198,-3198,-3199,-3200,-3200,-3190,-3191,-3180,-3181,-3182,-3172,-3172,-3173,-3163,-3163,-3164,-3165,-3165,-3166,-3167,-3157,-3146,-3147,-3137,-3138,-3127,-3128,-3129,-3129,-3130,-3120,-3121,-3121,-3122,-3112,-3113,-3103,-3093,-3093,-3094,-3095,-3095,-3085,-3086,-3076,-3066,-3056,-3046,-3047,-3048,-3048,-3039,-3029,-3029,-3019,-3020,-3021,-3022,-3012,-3012,-3013,-3003,-2994,-2984,-2974,-2964,-2955,-2945,-2935,-2925,-2916,-2916,-2917,-2907,-2908,-2898,-2899,-2890,-2880,-2870,-2861,-2851,-2852,-2842,-2843,-2833,-2824,-2825,-2825,-2826,-2827,-2827,-2818,-2808,-2809,-2800,-2800,-2801,-2792,-2792,-2783,-2784,-2774,-2765,-2765,-2756,-2757,-2641,-2642,-2637,-2632,-2633,-2633,-2628,-2623,-2623,-2624,-2625,-2626,-2620,-2616,-2616,-2611,-2606,-2607,-2602,-2602,-2597,-2598,-2593,-2594,-2589,-2584,-2579,-2579,-2580,-2581,-2576,-2576,-2577,-2578,-2578,-2574,-2569,-2564,-2559,-2554,-2549,-2550,-2550,-2551,-2547,-2548,-2548,-2549,-2544,-2539,-2535,-2531,-2531,-2532,-2533,-2533,-2528,-2523,-2518,-2519,-2519,-2514,-2515,-2516,-2511,-2506,-2507,-2501,-2502,-2497,-2498,-2498,-2499,-2500,-2495,-2490,-2485,-2486,-2486,-2481,-2476,-2471,-2467,-2467,-2463,-2458,-2459,-2454,-2455,-2450,-2445,-2446,-2446,-2447,-2442,-2443,-2444,-2439,-2434,-2430,-2430,-2426,-2426,-2427,-2422,-2423,-2424,-2419,-2419,-2414,-2410,-2410,-2406,-2403,-2398,-2393,-2388,-2383,-2378,-2373,-2368,-2369,-2364,-2359,-2354,-2349,-2344,-2345,-2340,-2341,-2336,-2331,-2326,-2321,-2322,-2322,-2317,-2312,-2307,-2302,-2297,-2293,-2288,-2283,-2278,-2275,-2275,-2276,-2271,-2267,-2262,-2258,-2253,-2248,-2248,-2249,-2244,-2245,-2240,-2240,-2235,-2236,-2237,-2232,-2233,-2233,-2228,-2224,-2220,-2215,-2210,-2211,-2211,-2206,-2201,-2196,-2191,-2192,-2187,-2188,-2183,-2177,-2178,-2173,-2169,-2170,-2165,-2166,-2161,-2161,-2157,-2152,-2147,-2143,-2143,-2138,-2133,-2134,-2129,-2124,-2125,-2121,-2122,-2117,-2112,-2107,-2102,-2097,-2098,-2093,-2093,-2094,-2095,-2096,-2091,-2091,-2086,-2081,-2077,-2073,-2068,-2064,-2059,-2054,-2055,-2050,-2045,-2040,-2040,-2035,-2031,-2031,-2026,-2027,-2022,-2017,-2012,-2007,-2003,-1999,-1994,-1989,-1990,-1985,-1980,-1981,-1976,-1971,-1972,-1973,-1973,-1974,-1969,-1970,-1965,-1966,-1967,-1962,-1958,-1958,-1954,-1949,-1945,-1940,-1935,-1931,-1926,-1921,-1922,-1917,-1918,-1919,-1919,-1920,-1915,-1910,-1905,-1901,-1896,-1891,-1886,-1881,-1877,-1872,-1867,-1867,-1868,-1863,-1858,-1853,-1849,-1844,-1844,-1839,-1834,-1830,-1825,-1820,-1815,-1815,-1816,-1811,-1806,-1801,-1796,-1791,-1786,-1781,-1776,-1771,-1765,-1766,-1767,-1765,-1765,-1766,-1766,-1762,-1763,-1763,-1759,-1754,-1749,-1744,-1739,-1734,-1729,-1724,-1719,-1714,-1709,-1704,-1704,-1699,-1694,-1695,-1690,-1685,-1680,-1675,-1670,-1665,-1660,-1656,-1651,-1646,-1647,-1642,-1642,-1638,-1633,-1633,-1629,-1624,-1619,-1614,-1610,-1605,-1606,-1601,-1596,-1591,-1587,-1582,-1577,-1578,-1573,-1569,-1564,-1560,-1555,-1550,-1546,-1541,-1537,-1537,-1533,-1528,-1524,-1519,-1520,-1515,-1511,-1506,-1507,-1503,-1498,-1494,-1489,-1485,-1480,-1476,-1477,-1472,-1468,-1464,-1459,-1455,-1451,-1336,-1336,-1336,-1336,-1336,-1336,-1336,-1336,-1336,-1336,-1336,-1336,-1336,-1336,-1336,-1336,-1336,-1336,-1336,-1335,-1335,-1335,-1335,-1335,-1335,-1335,-1335,-1335,-1335,-1335,-1315,-1295,-1275,-1255,-1235,-1215,-1195,-1175,-1155,-1136,-1116,-1096,-1076,-1056,-1036,-1016,-996,-976,-977,-957,-937,-918,-898,-878,-858,-839,-819,-799,-779,-760,-740,-720,-700,-681,-661,-641,-622,-602,-582,-563,-543,-524,-504,-505,-485,-465,-446,-426,-407,-387,-368,-348,-329,-309,-290,-270,-251,-231,-212,-193,-173,-154,-134,-115,-96,-76,-57,-37,-18,0
-3901,-3902,-3903,-3903,-3904,-3905,-3905,-3906,-3907,-3907,-3908,-3909,-3910,-3910,-3911,-3912,-3912,-3913,-3914,-3914,-3915,-3916,-3916,-3917,-3918,-3918,-3919,-3920,-3921,-3921,-3922,-3923,-3923,-3924,-3925,-3925,-3926,-3927,-3927,-3928,-3929,-3930,-3930,-3931,-3932,-3932,-3933,-3934,-3934,-3935,-3936,-3936,-3937,-3938,-3938,-3939,-3940,-3941,-3941,-3930,-3930,-3931,-3932,-3920,-3920,-3921,-3922,-3910,-3911,-3911,-3912,-3913,-3913,-3914,-3915,-3915,-3916,-3917,-3918,-3918,-3919,-3920,-3920,-3921,-3922,-3922,-3923,-3924,-3924,-3925,-3926,-3927,-3927,-3928,-3929,-3929,-3918,-3918,-3919,-3920,-3920,-3921,-3909,-3898,-3899,-3899,-3900,-3901,-3902,-3902,-3903,-3904,-3904,-3905,-3906,-3906,-3907,-3908,-3908,-3909,-3910,-3910,-3900,-3900,-3901,-3890,-3890,-3891,-3892,-3880,-3881,-3869,-3870,-3871,-3859,-3860,-3861,-3861,-3862,-3863,-3863,-3864,-3865,-3866,-3866,-3867,-3868,-3868,-3857,-3845,-3846,-3847,-3847,-3848,-3837,-3838,-3838,-3839,-3840,-3840,-3841,-3842,-3842,-3843,-3844,-3845,-3845,-3846,-3847,-3835,-3836,-3837,-3837,-3838,-3839,-3839,-3840,-3841,-3842,-3842,-3843,-3844,-3834,-3834,-3835,-3836,-3836,-3837,-3838,-3838,-3828,-3828,-3829,-3830,-3830,-3831,-3832,-3832,-3833,-3822,-3823,-3824,-3824,-3814,-3803,-3792,-3781,-3782,-3783,-3783,-3784,-3785,-3773,-3764,-3754,-3755,-3756,-3745,-3734,-3724,-3725,-3726,-3727,-3727,-3717,-3717,-3706,-3707,-3696,-3685,-3685,-3686,-3687,-3677,-3677,-3678,-3679,-3679,-3680,-3681,-3681,-3682,-3683,-3672,-3673,-3673,-3663,-3663,-3664,-3654,-3654,-3655,-3645,-3645,-3646,-3647,-3647,-3636,-3625,-3614,-3615,-3616,-3605,-3605,-3606,-3607,-3608,-3608,-3609,-3610,-3610,-3611,-3612,-3612,-3613,-3614,-3614,-3604,-3604,-3605,-3594,-3595,-3595,-3596,-3597,-3597,-3587,-3576,-3565,-3566,-3555,-3556,-3556,-3557,-3558,-3559,-3559,-3549,-3549,-3550,-3539,-3540,-3541,-3541,-3542,-3531,-3532,-3521,-3522,-3523,-3512,-3512,-3513,-3514,-3514,-3515,-3516,-3517,-3517,-3518,-3507,-3508,-3509,-3509,-3499,-3499,-3500,-3501,-3490,-3491,-3480,-3470,-3471,-3471,-3472,-3461,-3450,-3440,-3429,-3430,-3430,-3420,-3420,-3410,-3402,-3402,-3399,-3399,-3400,-3401,-3401,-3391,-3391,-3392,-3393,-3393,-3383,-3383,-3384,-3385,-3374,-3375,-3364,-3365,-3365,-3366,-3355,-3356,-3357,-3346,-3335,-3336,-3326,-3326,-3316,-3305,-3306,-3306,-3296,-3297,-3297,-3298,-3287,-3277,-3278,-3267,-3257,-3246,-3236,-3225,-3226,-3216,-3205,-3206,-3207,-3207,-3208,-3209,-3209,-3199,-3200,-3189,-3190,-3191,-3181,-3181,-3182,-3172,-3172,-3173,-3174,-3174,-3175,-3176,-3166,-3156,-3156,-3146,-3147,-3137,-3137,-3138,-3139,-3139,-3129,-3130,-3131,-3131,-3121,-3122,-3112,-3102,-3103,-3103,-3104,-3105,-3095,-3095,-3086,-3076,-3066,-3056,-3056,-3057,-3058,-3048,-3038,-3039,-3029,-3030,-3030,-3031,-3021,-3022,-3023,-3013,-3003,-2993,-2984,-2974,-2964,-2954,-2945,-2935,-2925,-2926,-2927,-2917,-2918,-2908,-2909,-2899,-2890,-2880,-2870,-2861,-2862,-2852,-2853,-2843,-2834,-2834,-2835,-2836,-2836,-2837,-2828,-2818,-2819,-2809,-2810,-2811,-2801,-2802,-2793,-2793,-2784,-2775,-2775,-2766,-2767,-2656,-2656,-2651,-2646,-2647,-2647,-2642,-2637,-2637,-2638,-2639,-2640,-2635,-2630,-2630,-2625,-2620,-2621,-2616,-2617,-2612,-2612,-2607,-2608,-2603,-2598,-2593,-2594,-2594,-2595,-2591,-2592,-2592,-2593,-2594,-2589,-2584,-2579,-2573,-2568,-2564,-2565,-2565,-2566,-2561,-2562,-2563,-2563,-2559,-2554,-2550,-2545,-2545,-2546,-2547,-2548,-2542,-2537,-2532,-2533,-2534,-2529,-2530,-2530,-2525,-2520,-2521,-2516,-2516,-2511,-2512,-2513,-2513,-2514,-2509,-2504,-2499,-2500,-2501,-2496,-2491,-2486,-2482,-2482,-2477,-2472,-2473,-2468,-2469,-2464,-2459,-2460,-2461,-2462,-2457,-2458,-2458,-2454,-2449,-2444,-2445,-2440,-2441,-2441,-2437,-2437,-2438,-2433,-2434,-2429,-2424,-2425,-2422,-2417,-2412,-2407,-2402,-2397,-2392,-2388,-2383,-2383,-2379,-2373,-2368,-2364,-2359,-2359,-2355,-2355,-2350,-2345,-2340,-2335,-2336,-2336,-2331,-2326,-2321,-2317,-2312,-2307,-2302,-2298,-2294,-2289,-2290,-2291,-2286,-2281,-2277,-2272,-2267,-2262,-2263,-2263,-2258,-2259,-2254,-2255,-2250,-2250,-2251,-2246,-2247,-2248,-2243,-2239,-2234,-2229,-2224,-2225,-2226,-2221,-2216,-2211,-2206,-2206,-2201,-2202,-2197,-2192,-2192,-2188,-2183,-2184,-2179,-2180,-2175,-2176,-2171,-2167,-2162,-2157,-2158,-2153,-2148,-2149,-2144,-2140,-2140,-2135,-2136,-2131,-2126,-2121,-2116,-2111,-2112,-2107,-2108,-2109,-2109,-2110,-2105,-2106,-2101,-2097,-2092,-2087,-2083,-2078,-2073,-2068,-2069,-2064,-2059,-2054,-2055,-2050,-2045,-2046,-2041,-2041,-2036,-2031,-2027,-2022,-2018,-2013,-2008,-2004,-2004,-2000,-1995,-1996,-1991,-1986,-1987,-1987,-1988,-1989,-1984,-1985,-1980,-1981,-1981,-1977,-1973,-1973,-1969,-1964,-1960,-1955,-1950,-1945,-1940,-1936,-1937,-1932,-1932,-1933,-1934,-1934,-1930,-1925,-1920,-1915,-1911,-1906,-1901,-1896,-1891,-1886,-1881,-1882,-1882,-1878,-1873,-1868,-1863,-1858,-1859,-1854,-1849,-1844,-1839,-1834,-1829,-1830,-1830,-1825,-1820,-1815,-1810,-1805,-1800,-1795,-1790,-1785,-1783,-1783,-1784,-1784,-1785,-1785,-1781,-1777,-1778,-1778,-1773,-1768,-1763,-1758,-1753,-1748,-1743,-1738,-1733,-1728,-1723,-1718,-1719,-1714,-1709,-1709,-1704,-1699,-1694,-1690,-1685,-1680,-1675,-1670,-1665,-1660,-1661,-1656,-1657,-1652,-1647,-1648,-1643,-1638,-1634,-1629,-1624,-1619,-1620,-1615,-1611,-1606,-1601,-1597,-1592,-1593,-1588,-1583,-1579,-1574,-1570,-1565,-1560,-1556,-1551,-1552,-1547,-1543,-1538,-1534,-1535,-1530,-1526,-1521,-1522,-1517,-1513,-1509,-1504,-1500,-1495,-1491,-1492,-1487,-1483,-1479,-1474,-1470,-1466,-1355,-1355,-1355,-1355,-1355,-1355,-1355,-1355,-1355,-1355,-1355,-1355,-1355,-1355,-1355,-1355,-1355,-1355,-1355,-1355,-1355,-1355,-1355,-1355,-1355,-1355,-1355,-1355,-1355,-1335,-1315,-1295,-1275,-1255,-1235,-1215,-1195,-1175,-1155,-1135,-1115,-1095,-1075,-1055,-1035,-1016,-996,-976,-977,-957,-937,-917,-897,-878,-858,-838,-818,-799,-779,-759,-739,-720,-700,-680,-661,-641,-621,-602,-582,-562,-543,-523,-504,-504,-485,-465,-446,-426,-407,-387,-368,-348,-329,-309,-290,-270,-251,-231,-212,-192,-173,-154,-134,-115,-96,-76,-57,-37,-18,0
-3908,-3909,-3910,-3911,-3911,-3912,-3913,-3913,-3914,-3915,-3915,-3916,-3917,-3918,-3918,-3919,-3920,-3920,-3921,-3922,-3922,-3923,-3924,-3925,-3925,-3926,-3927,-3927,-3928,-3929,-3929,-3930,-3931,-3932,-3932,-3933,-3934,-3934,-3935,-3936,-3936,-3937,-3938,-3939,-3939,-3940,-3941,-3941,-3942,-3943,-3943,-3944,-3945,-3946,-3946,-3947,-3948,-3948,-3949,-3937,-3938,-3938,-3939,-3927,-3928,-3929,-3929,-3917,-3918,-3919,-3920,-3920,-3921,-3922,-3922,-3923,-3924,-3924,-3925,-3926,-3927,-3927,-3928,-3929,-3929,-3930,-3931,-3931,-3932,-3933,-3934,-3934,-3935,-3936,-3936,-3937,-3925,-3926,-3927,-3927,-3928,-3929,-3917,-3906,-3907,-3908,-3909,-3909,-3910,-3911,-3911,-3912,-3913,-3913,-3914,-3915,-3916,-3916,-3917,-3918,-3918,-3919,-3907,-3908,-3909,-3898,-3898,-3899,-3900,-3888,-3889,-3877,-3878,-3879,-3867,-3868,-3868,-3869,-3870,-3871,-3871,-3872,-3873,-3873,-3874,-3875,-3875,-3876,-3865,-3853,-3854,-3855,-3856,-3856,-3845,-3846,-3846,-3847,-3848,-3848,-3849,-3850,-3850,-3851,-3852,-3853,-3853,-3854,-3855,-3845,-3845,-3846,-3847,-3847,-3848,-3849,-3849,-3850,-3851,-3852,-3852,-3853,-3842,-3843,-3843,-3844,-3845,-3845,-3846,-3847,-3836,-3837,-3837,-3838,-3839,-3839,-3840,-3841,-3842,-3831,-3831,-3832,-3833,-3823,-3812,-3800,-3789,-3790,-3791,-3791,-3792,-3793,-3783,-3774,-3763,-3764,-3764,-3753,-3744,-3733,-3734,-3734,-3735,-3736,-3725,-3725,-3714,-3715,-3704,-3694,-3695,-3695,-3696,-3685,-3686,-3686,-3687,-3688,-3688,-3689,-3690,-3690,-3691,-3680,-3681,-3682,-3672,-3672,-3673,-3663,-3663,-3664,-3653,-3654,-3654,-3655,-3656,-3645,-3634,-3623,-3623,-3624,-3613,-3614,-3614,-3615,-3616,-3617,-3617,-3618,-3619,-3619,-3620,-3621,-3621,-3622,-3623,-3612,-3613,-3613,-3602,-3603,-3604,-3605,-3605,-3606,-3595,-3584,-3574,-3574,-3564,-3564,-3565,-3566,-3566,-3567,-3568,-3557,-3558,-3559,-3548,-3548,-3549,-3550,-3551,-3540,-3540,-3530,-3530,-3531,-3520,-3521,-3522,-3522,-3523,-3524,-3524,-3525,-3526,-3527,-3516,-3517,-3517,-3518,-3507,-3508,-3509,-3509,-3499,-3499,-3489,-3478,-3479,-3480,-3480,-3470,-3459,-3448,-3438,-3438,-3439,-3428,-3429,-3421,-3417,-3418,-3407,-3408,-3408,-3409,-3410,-3399,-3400,-3400,-3401,-3402,-3391,-3392,-3392,-3393,-3382,-3383,-3372,-3373,-3374,-3375,-3364,-3365,-3365,-3355,-3344,-3345,-3334,-3335,-3324,-3314,-3314,-3315,-3305,-3305,-3306,-3307,-3296,-3286,-3286,-3276,-3266,-3255,-3245,-3234,-3235,-3225,-3214,-3215,-3216,-3216,-3217,-3218,-3218,-3208,-3209,-3198,-3199,-3200,-3190,-3190,-3191,-3181,-3181,-3182,-3183,-3184,-3184,-3185,-3175,-3165,-3165,-3155,-3156,-3146,-3146,-3147,-3148,-3149,-3139,-3139,-3140,-3141,-3131,-3131,-3121,-3111,-3112,-3113,-3113,-3114,-3104,-3105,-3095,-3085,-3075,-3065,-3066,-3067,-3067,-3057,-3048,-3048,-3038,-3039,-3040,-3041,-3031,-3031,-3032,-3022,-3013,-3003,-2993,-2983,-2974,-2964,-2954,-2945,-2935,-2936,-2936,-2927,-2927,-2918,-2919,-2909,-2899,-2890,-2880,-2871,-2871,-2862,-2862,-2853,-2843,-2844,-2845,-2846,-2846,-2847,-2838,-2828,-2829,-2819,-2820,-2821,-2811,-2812,-2803,-2803,-2794,-2785,-2785,-2776,-2777,-2670,-2671,-2665,-2660,-2661,-2661,-2656,-2651,-2652,-2653,-2653,-2654,-2649,-2644,-2645,-2640,-2635,-2635,-2630,-2631,-2626,-2627,-2622,-2622,-2617,-2612,-2608,-2609,-2609,-2610,-2605,-2606,-2607,-2607,-2608,-2603,-2598,-2593,-2588,-2583,-2579,-2579,-2580,-2581,-2576,-2577,-2577,-2578,-2574,-2569,-2564,-2559,-2560,-2560,-2561,-2562,-2557,-2551,-2547,-2548,-2548,-2543,-2544,-2544,-2539,-2534,-2535,-2530,-2531,-2526,-2526,-2527,-2528,-2529,-2523,-2519,-2514,-2514,-2515,-2510,-2505,-2501,-2496,-2497,-2492,-2487,-2488,-2483,-2484,-2479,-2474,-2475,-2476,-2476,-2471,-2472,-2473,-2468,-2464,-2459,-2459,-2454,-2455,-2456,-2451,-2452,-2452,-2447,-2448,-2444,-2440,-2441,-2437,-2432,-2427,-2422,-2417,-2412,-2407,-2402,-2397,-2398,-2393,-2388,-2383,-2378,-2373,-2374,-2369,-2370,-2365,-2360,-2354,-2349,-2350,-2351,-2346,-2341,-2336,-2331,-2326,-2322,-2317,-2313,-2309,-2304,-2305,-2306,-2301,-2296,-2291,-2286,-2281,-2276,-2277,-2278,-2273,-2273,-2268,-2269,-2264,-2265,-2265,-2261,-2262,-2262,-2259,-2254,-2249,-2244,-2239,-2239,-2240,-2235,-2230,-2225,-2220,-2220,-2215,-2216,-2211,-2207,-2208,-2203,-2198,-2199,-2194,-2194,-2190,-2190,-2186,-2181,-2176,-2171,-2172,-2167,-2162,-2163,-2159,-2154,-2155,-2150,-2150,-2146,-2141,-2136,-2131,-2126,-2126,-2122,-2122,-2123,-2124,-2124,-2119,-2120,-2116,-2112,-2107,-2103,-2098,-2093,-2088,-2083,-2083,-2078,-2073,-2068,-2069,-2064,-2059,-2060,-2055,-2056,-2051,-2046,-2041,-2037,-2032,-2028,-2023,-2018,-2019,-2014,-2009,-2010,-2005,-2001,-2001,-2002,-2003,-2003,-1999,-1999,-1995,-1996,-1996,-1992,-1987,-1988,-1984,-1979,-1974,-1969,-1964,-1960,-1955,-1950,-1951,-1946,-1947,-1947,-1948,-1949,-1944,-1939,-1934,-1930,-1925,-1920,-1915,-1910,-1905,-1900,-1895,-1896,-1897,-1892,-1887,-1882,-1877,-1872,-1873,-1868,-1863,-1858,-1853,-1848,-1843,-1844,-1845,-1840,-1834,-1829,-1824,-1819,-1814,-1809,-1804,-1802,-1802,-1803,-1803,-1799,-1800,-1800,-1796,-1791,-1792,-1793,-1787,-1782,-1777,-1772,-1767,-1762,-1757,-1752,-1747,-1742,-1737,-1732,-1733,-1728,-1723,-1724,-1719,-1714,-1709,-1704,-1699,-1694,-1689,-1684,-1680,-1675,-1675,-1671,-1671,-1667,-1662,-1662,-1658,-1653,-1648,-1643,-1639,-1634,-1635,-1630,-1625,-1621,-1616,-1611,-1607,-1607,-1603,-1598,-1594,-1589,-1584,-1580,-1575,-1571,-1566,-1567,-1562,-1558,-1553,-1549,-1549,-1545,-1540,-1536,-1537,-1532,-1528,-1523,-1519,-1515,-1510,-1506,-1507,-1502,-1498,-1493,-1489,-1485,-1481,-1374,-1374,-1374,-1374,-1374,-1374,-1374,-1374,-1374,-1374,-1374,-1374,-1374,-1374,-1374,-1374,-1374,-1374,-1374,-1374,-1374,-1374,-1374,-1374,-1374,-1374,-1374,-1374,-1354,-1334,-1314,-1294,-1274,-1254,-1234,-1214,-1194,-1174,-1154,-1134,-1114,-1095,-1075,-1055,-1035,-1015,-995,-975,-976,-956,-936,-917,-897,-877,-857,-838,-818,-798,-778,-759,-739,-719,-700,-680,-660,-641,-621,-601,-582,-562,-543,-523,-503,-504,-485,-465,-445,-426,-406,-387,-367,-348,-328,-309,-290,-270,-251,-231,-212,-192,-173,-154,-134,-115,-95,-76,-57,-37,-18,0
-3915,-3916,-3916,-3917,-3918,-3919,-3919,-3920,-3921,-3921,-3922,-3923,-3924,-3924,-3925,-3926,-3926,-3927,-3928,-3928,-3929,-3930,-3931,-3931,-3932,-3933,-3933,-3934,-3935,-3936,-3936,-3937,-3938,-3938,-3939,-3940,-3941,-3941,-3942,-3943,-3943,-3944,-3945,-3946,-3946,-3947,-3948,-3948,-3949,-3950,-3951,-3951,-3952,-3953,-3953,-3954,-3955,-3955,-3956,-3944,-3945,-3946,-3946,-3935,-3935,-3936,-3937,-3925,-3925,-3926,-3927,-3927,-3928,-3929,-3930,-3930,-3931,-3932,-3932,-3933,-3934,-3935,-3935,-3936,-3937,-3937,-3938,-3939,-3940,-3940,-3941,-3942,-3942,-3943,-3944,-3944,-3933,-3934,-3935,-3935,-3936,-3937,-3926,-3914,-3915,-3915,-3916,-3917,-3918,-3918,-3919,-3920,-3920,-3921,-3922,-3923,-3923,-3924,-3925,-3925,-3926,-3927,-3915,-3916,-3917,-3905,-3906,-3907,-3907,-3896,-3897,-3885,-3886,-3886,-3875,-3875,-3876,-3877,-3878,-3878,-3879,-3880,-3880,-3881,-3882,-3883,-3883,-3884,-3873,-3861,-3862,-3863,-3863,-3864,-3854,-3855,-3855,-3856,-3857,-3857,-3858,-3859,-3860,-3860,-3861,-3862,-3862,-3863,-3864,-3853,-3853,-3854,-3855,-3856,-3856,-3857,-3858,-3858,-3859,-3860,-3860,-3861,-3850,-3851,-3852,-3852,-3853,-3854,-3855,-3855,-3844,-3845,-3846,-3847,-3847,-3848,-3849,-3849,-3850,-3840,-3841,-3841,-3842,-3831,-3820,-3809,-3799,-3800,-3801,-3801,-3802,-3803,-3793,-3782,-3771,-3772,-3773,-3763,-3752,-3741,-3742,-3743,-3743,-3744,-3733,-3734,-3723,-3723,-3713,-3702,-3703,-3703,-3704,-3693,-3694,-3695,-3695,-3696,-3697,-3698,-3698,-3699,-3700,-3690,-3690,-3691,-3680,-3681,-3682,-3671,-3672,-3672,-3661,-3662,-3663,-3663,-3664,-3653,-3642,-3631,-3632,-3632,-3621,-3622,-3623,-3623,-3624,-3625,-3626,-3626,-3627,-3628,-3628,-3629,-3630,-3631,-3631,-3620,-3621,-3622,-3611,-3612,-3612,-3613,-3614,-3614,-3604,-3593,-3582,-3583,-3572,-3573,-3574,-3574,-3575,-3576,-3576,-3566,-3566,-3567,-3556,-3557,-3558,-3558,-3559,-3548,-3549,-3538,-3539,-3539,-3529,-3529,-3530,-3531,-3532,-3532,-3533,-3534,-3534,-3535,-3525,-3525,-3526,-3527,-3516,-3517,-3517,-3518,-3508,-3508,-3498,-3487,-3488,-3488,-3489,-3478,-3468,-3457,-3446,-3447,-3447,-3440,-3440,-3436,-3426,-3426,-3415,-3416,-3417,-3418,-3418,-3408,-3408,-3409,-3410,-3410,-3400,-3400,-3401,-3402,-3391,-3392,-3381,-3382,-3383,-3383,-3373,-3373,-3374,-3363,-3353,-3354,-3343,-3344,-3333,-3323,-3323,-3324,-3313,-3314,-3315,-3316,-3305,-3295,-3295,-3285,-3274,-3264,-3254,-3243,-3244,-3233,-3223,-3224,-3225,-3225,-3226,-3227,-3227,-3217,-3218,-3207,-3208,-3209,-3199,-3199,-3200,-3190,-3191,-3191,-3192,-3193,-3193,-3194,-3184,-3174,-3174,-3164,-3165,-3155,-3156,-3156,-3157,-3158,-3148,-3148,-3149,-3150,-3140,-3141,-3131,-3121,-3121,-3122,-3123,-3123,-3113,-3114,-3104,-3094,-3084,-3075,-3075,-3076,-3077,-3067,-3057,-3058,-3048,-3049,-3049,-3050,-3040,-3041,-3042,-3032,-3022,-3012,-3003,-2993,-2983,-2974,-2964,-2954,-2945,-2945,-2946,-2936,-2937,-2928,-2928,-2919,-2909,-2899,-2890,-2880,-2881,-2872,-2872,-2863,-2853,-2854,-2855,-2855,-2856,-2857,-2847,-2838,-2839,-2829,-2830,-2831,-2821,-2822,-2813,-2813,-2804,-2795,-2795,-2786,-2787,-2684,-2685,-2679,-2674,-2675,-2675,-2671,-2666,-2666,-2667,-2668,-2668,-2663,-2658,-2659,-2654,-2649,-2650,-2645,-2645,-2640,-2641,-2636,-2637,-2632,-2627,-2622,-2623,-2624,-2624,-2619,-2620,-2621,-2621,-2622,-2617,-2612,-2607,-2603,-2598,-2593,-2594,-2595,-2595,-2591,-2592,-2592,-2593,-2588,-2583,-2578,-2573,-2574,-2574,-2575,-2576,-2571,-2566,-2561,-2562,-2562,-2557,-2558,-2559,-2553,-2549,-2549,-2544,-2545,-2540,-2541,-2541,-2542,-2543,-2538,-2533,-2528,-2529,-2529,-2525,-2520,-2515,-2510,-2511,-2506,-2502,-2502,-2497,-2498,-2494,-2489,-2489,-2490,-2491,-2486,-2487,-2488,-2483,-2478,-2473,-2474,-2469,-2469,-2470,-2465,-2466,-2467,-2462,-2463,-2460,-2455,-2456,-2451,-2446,-2441,-2436,-2431,-2426,-2421,-2416,-2411,-2412,-2407,-2402,-2397,-2392,-2388,-2388,-2383,-2384,-2379,-2374,-2369,-2364,-2364,-2365,-2360,-2355,-2351,-2346,-2341,-2336,-2333,-2328,-2323,-2319,-2319,-2320,-2315,-2310,-2305,-2301,-2296,-2291,-2291,-2292,-2287,-2288,-2283,-2283,-2279,-2279,-2280,-2277,-2277,-2278,-2273,-2268,-2263,-2258,-2253,-2254,-2254,-2249,-2244,-2239,-2234,-2235,-2230,-2230,-2226,-2221,-2222,-2217,-2212,-2213,-2208,-2209,-2205,-2205,-2200,-2196,-2191,-2186,-2186,-2182,-2177,-2178,-2173,-2168,-2169,-2164,-2165,-2160,-2155,-2150,-2145,-2140,-2141,-2136,-2137,-2137,-2138,-2139,-2135,-2135,-2131,-2126,-2122,-2117,-2112,-2107,-2102,-2097,-2098,-2093,-2088,-2083,-2083,-2078,-2074,-2074,-2069,-2070,-2065,-2061,-2056,-2052,-2047,-2042,-2037,-2033,-2033,-2029,-2024,-2025,-2020,-2015,-2016,-2016,-2017,-2018,-2014,-2014,-2010,-2011,-2011,-2007,-2002,-2003,-1998,-1993,-1989,-1984,-1979,-1974,-1970,-1965,-1965,-1961,-1961,-1962,-1963,-1963,-1959,-1954,-1949,-1944,-1939,-1934,-1930,-1925,-1920,-1915,-1910,-1910,-1911,-1906,-1902,-1897,-1892,-1887,-1887,-1882,-1877,-1873,-1868,-1862,-1857,-1858,-1859,-1854,-1849,-1844,-1839,-1834,-1828,-1823,-1821,-1821,-1817,-1818,-1818,-1814,-1815,-1816,-1810,-1805,-1806,-1807,-1802,-1797,-1792,-1787,-1781,-1776,-1771,-1766,-1761,-1756,-1751,-1746,-1747,-1742,-1737,-1738,-1733,-1728,-1723,-1718,-1714,-1709,-1704,-1699,-1694,-1689,-1690,-1685,-1686,-1681,-1676,-1677,-1672,-1667,-1663,-1658,-1653,-1649,-1649,-1645,-1640,-1635,-1631,-1626,-1621,-1622,-1617,-1613,-1608,-1604,-1599,-1594,-1590,-1585,-1581,-1582,-1577,-1572,-1568,-1564,-1564,-1560,-1555,-1551,-1552,-1547,-1543,-1538,-1534,-1529,-1525,-1521,-1521,-1517,-1513,-1508,-1504,-1500,-1496,-1394,-1394,-1394,-1394,-1394,-1394,-1394,-1394,-1394,-1394,-1394,-1393,-1393,-1393,-1393,-1393,-1393,-1393,-1393,-1393,-1393,-1393,-1393,-1393,-1393,-1393,-1393,-1373,-1353,-1333,-1313,-1293,-1273,-1253,-1233,-1213,-1193,-1174,-1154,-1134,-1114,-1094,-1074,-1054,-1034,-1015,-995,-975,-976,-956,-936,-916,-896,-877,-857,-837,-817,-798,-778,-758,-739,-719,-699,-680,-660,-640,-621,-601,-581,-562,-542,-523,-503,-504,-484,-465,-445,-426,-406,-387,-367,-348,-328,-309,-289,-270,-250,-231,-212,-192,-173,-153,-134,-115,-95,-76,-57,-37,-18,0
-3922,-3923,-3923,-3924,-3925,-3925,-3926,-3927,-3928,-3928,-3929,-3930,-3930,-3931,-3932,-3933,-3933,-3934,-3935,-3936,-3936,-3937,-3938,-3938,-3939,-3940,-3941,-3941,-3942,-3943,-3943,-3944,-3945,-3946,-3946,-3947,-3948,-3948,-3949,-3950,-3951,-3951,-3952,-3953,-3954,-3954,-3955,-3956,-3956,-3957,-3958,-3959,-3959,-3960,-3961,-3961,-3962,-3963,-3964,-3952,-3952,-3953,-3954,-3942,-3942,-3943,-3944,-3932,-3933,-3934,-3934,-3935,-3936,-3937,-3937,-3938,-3939,-3939,-3940,-3941,-3942,-3942,-3943,-3944,-3944,-3945,-3946,-3947,-3947,-3948,-3949,-3949,-3950,-3951,-3952,-3952,-3941,-3942,-3943,-3944,-3944,-3945,-3933,-3922,-3922,-3923,-3924,-3925,-3925,-3926,-3927,-3928,-3928,-3929,-3930,-3930,-3931,-3932,-3933,-3933,-3934,-3935,-3923,-3924,-3925,-3913,-3914,-3914,-3915,-3903,-3904,-3893,-3893,-3894,-3883,-3883,-3884,-3885,-3886,-3886,-3887,-3888,-3888,-3889,-3890,-3891,-3891,-3892,-3881,-3870,-3871,-3872,-3872,-3873,-3862,-3863,-3863,-3864,-3865,-3865,-3866,-3867,-3868,-3868,-3869,-3870,-3871,-3871,-3872,-3861,-3862,-3862,-3863,-3864,-3865,-3865,-3866,-3867,-3867,-3868,-3869,-3870,-3859,-3859,-3860,-3861,-3862,-3862,-3863,-3864,-3853,-3854,-3855,-3856,-3856,-3857,-3858,-3858,-3859,-3848,-3849,-3849,-3850,-3839,-3828,-3818,-3809,-3809,-3810,-3811,-3811,-3812,-3802,-3790,-3781,-3782,-3782,-3772,-3760,-3749,-3750,-3751,-3751,-3752,-3741,-3742,-3732,-3732,-3721,-3710,-3711,-3712,-3713,-3702,-3703,-3704,-3705,-3705,-3706,-3707,-3707,-3708,-3709,-3698,-3699,-3700,-3689,-3689,-3690,-3679,-3680,-3680,-3669,-3670,-3671,-3672,-3672,-3661,-3650,-3639,-3640,-3641,-3630,-3630,-3631,-3632,-3632,-3633,-3634,-3635,-3635,-3636,-3637,-3637,-3638,-3639,-3640,-3629,-3629,-3630,-3619,-3620,-3621,-3621,-3622,-3623,-3612,-3602,-3591,-3592,-3581,-3581,-3582,-3583,-3583,-3584,-3585,-3574,-3575,-3575,-3565,-3565,-3566,-3567,-3567,-3557,-3557,-3547,-3547,-3548,-3537,-3538,-3539,-3539,-3540,-3541,-3542,-3542,-3543,-3544,-3533,-3534,-3534,-3535,-3525,-3526,-3526,-3527,-3516,-3517,-3506,-3496,-3496,-3497,-3498,-3487,-3476,-3465,-3457,-3458,-3459,-3455,-3456,-3445,-3434,-3435,-3424,-3425,-3425,-3426,-3427,-3416,-3417,-3417,-3418,-3419,-3408,-3409,-3410,-3410,-3400,-3400,-3390,-3390,-3391,-3392,-3381,-3382,-3383,-3372,-3361,-3362,-3352,-3352,-3342,-3331,-3332,-3333,-3322,-3323,-3324,-3324,-3314,-3303,-3304,-3294,-3283,-3273,-3262,-3252,-3253,-3242,-3232,-3233,-3233,-3234,-3235,-3236,-3236,-3226,-3227,-3216,-3217,-3218,-3208,-3208,-3209,-3199,-3200,-3200,-3201,-3202,-3202,-3203,-3193,-3183,-3184,-3174,-3174,-3164,-3165,-3166,-3166,-3167,-3157,-3158,-3158,-3159,-3149,-3150,-3140,-3130,-3131,-3131,-3132,-3133,-3123,-3124,-3114,-3104,-3094,-3084,-3085,-3085,-3086,-3076,-3066,-3067,-3057,-3058,-3059,-3060,-3050,-3050,-3051,-3041,-3032,-3022,-3012,-3003,-2993,-2983,-2974,-2964,-2954,-2955,-2956,-2946,-2947,-2937,-2938,-2928,-2919,-2909,-2900,-2890,-2891,-2881,-2882,-2873,-2863,-2864,-2864,-2865,-2866,-2867,-2857,-2848,-2849,-2839,-2840,-2841,-2831,-2832,-2823,-2823,-2814,-2805,-2805,-2796,-2797,-2698,-2699,-2693,-2688,-2689,-2690,-2685,-2680,-2680,-2681,-2682,-2683,-2678,-2673,-2673,-2668,-2663,-2664,-2659,-2660,-2654,-2655,-2650,-2651,-2647,-2642,-2636,-2637,-2638,-2639,-2634,-2634,-2635,-2636,-2636,-2631,-2626,-2622,-2617,-2612,-2608,-2609,-2609,-2610,-2606,-2606,-2607,-2608,-2603,-2597,-2592,-2587,-2588,-2589,-2589,-2590,-2585,-2580,-2575,-2576,-2577,-2571,-2572,-2573,-2568,-2563,-2564,-2558,-2559,-2554,-2555,-2556,-2556,-2557,-2552,-2547,-2543,-2543,-2544,-2540,-2535,-2530,-2525,-2525,-2521,-2516,-2517,-2512,-2513,-2508,-2503,-2504,-2505,-2505,-2501,-2502,-2502,-2497,-2492,-2487,-2488,-2483,-2484,-2485,-2480,-2481,-2482,-2478,-2479,-2474,-2470,-2470,-2465,-2460,-2455,-2450,-2445,-2440,-2436,-2431,-2426,-2426,-2422,-2417,-2412,-2407,-2402,-2402,-2397,-2398,-2393,-2388,-2383,-2378,-2379,-2379,-2374,-2370,-2365,-2360,-2355,-2352,-2347,-2343,-2338,-2333,-2334,-2335,-2330,-2325,-2320,-2315,-2310,-2305,-2306,-2306,-2301,-2302,-2297,-2298,-2294,-2295,-2296,-2291,-2292,-2292,-2287,-2282,-2277,-2272,-2267,-2268,-2268,-2263,-2258,-2253,-2248,-2249,-2245,-2245,-2241,-2236,-2237,-2232,-2227,-2228,-2223,-2224,-2219,-2220,-2215,-2210,-2205,-2200,-2201,-2197,-2192,-2193,-2188,-2183,-2183,-2178,-2179,-2174,-2169,-2164,-2159,-2154,-2155,-2151,-2152,-2152,-2153,-2154,-2150,-2150,-2145,-2141,-2136,-2131,-2126,-2121,-2116,-2111,-2112,-2107,-2102,-2097,-2098,-2093,-2088,-2089,-2084,-2085,-2080,-2076,-2071,-2066,-2062,-2057,-2052,-2047,-2048,-2043,-2038,-2039,-2034,-2030,-2031,-2031,-2032,-2033,-2028,-2029,-2024,-2025,-2026,-2022,-2017,-2017,-2013,-2008,-2003,-1998,-1994,-1989,-1984,-1979,-1980,-1975,-1976,-1976,-1977,-1978,-1973,-1968,-1963,-1959,-1954,-1949,-1944,-1939,-1934,-1929,-1924,-1925,-1926,-1921,-1916,-1911,-1906,-1901,-1902,-1897,-1892,-1887,-1882,-1877,-1872,-1872,-1873,-1868,-1863,-1858,-1853,-1848,-1843,-1841,-1840,-1836,-1832,-1833,-1833,-1828,-1829,-1830,-1825,-1820,-1820,-1821,-1816,-1811,-1806,-1801,-1796,-1791,-1786,-1781,-1776,-1771,-1766,-1761,-1762,-1757,-1752,-1752,-1747,-1743,-1738,-1733,-1728,-1723,-1718,-1713,-1709,-1704,-1704,-1700,-1700,-1696,-1691,-1692,-1687,-1682,-1677,-1673,-1668,-1663,-1664,-1659,-1655,-1650,-1645,-1641,-1636,-1637,-1632,-1627,-1623,-1618,-1614,-1609,-1605,-1600,-1596,-1596,-1592,-1587,-1583,-1578,-1579,-1575,-1570,-1566,-1566,-1562,-1558,-1553,-1549,-1544,-1540,-1536,-1536,-1532,-1528,-1523,-1519,-1515,-1510,-1413,-1413,-1413,-1413,-1413,-1413,-1413,-1413,-1413,-1413,-1413,-1413,-1413,-1413,-1413,-1413,-1413,-1413,-1413,-1413,-1413,-1413,-1413,-1413,-1412,-1412,-1392,-1372,-1352,-1332,-1312,-1292,-1273,-1253,-1233,-1213,-1193,-1173,-1153,-1133,-1113,-1093,-1073,-1054,-1034,-1014,-994,-974,-975,-955,-935,-916,-896,-876,-856,-837,-817,-797,-778,-758,-738,-719,-699,-679,-660,-640,-620,-601,-581,-562,-542,-522,-503,-504,-484,-465,-445,-425,-406,-386,-367,-348,-328,-309,-289,-270,-250,-231,-212,-192,-173,-153,-134,-115,-95,-76,-57,-37,-18,0
-3929,-3929,-3930,-3931,-3932,-3932,-3933,-3934,-3934,-3935,-3936,-3937,-3937,-3938,-3939,-3940,-3940,-3941,-3942,-3942,-3943,-3944,-3945,-3945,-3946,-3947,-3948,-3948,-3949,-3950,-3951,-3951,-3952,-3953,-3953,-3954,-3955,-3956,-3956,-3957,-3958,-3959,-3959,-3960,-3961,-3961,-3962,-3963,-3964,-3964,-3965,-3966,-3967,-3967,-3968,-3969,-3970,-3970,-3971,-3959,-3960,-3960,-3961,-3949,-3950,-3951,-3951,-3940,-3941,-3942,-3942,-3943,-3944,-3945,-3945,-3946,-3947,-3948,-3948,-3949,-3950,-3951,-3951,-3952,-3953,-3953,-3954,-3955,-3956,-3956,-3957,-3958,-3959,-3959,-3960,-3961,-3949,-3950,-3950,-3951,-3952,-3953,-3941,-3929,-3930,-3931,-3931,-3932,-3933,-3934,-3934,-3935,-3936,-3937,-3937,-3938,-3939,-3939,-3940,-3941,-3942,-3942,-3931,-3931,-3932,-3921,-3921,-3922,-3923,-3911,-3912,-3900,-3901,-3902,-3890,-3891,-3892,-3893,-3893,-3894,-3895,-3895,-3896,-3897,-3898,-3898,-3899,-3900,-3890,-3878,-3879,-3880,-3880,-3881,-3870,-3871,-3871,-3872,-3873,-3874,-3874,-3875,-3876,-3877,-3877,-3878,-3879,-3879,-3880,-3869,-3870,-3871,-3871,-3872,-3873,-3874,-3874,-3875,-3876,-3876,-3877,-3878,-3868,-3868,-3869,-3870,-3871,-3871,-3872,-3873,-3861,-3862,-3863,-3864,-3864,-3865,-3866,-3866,-3867,-3856,-3857,-3858,-3858,-3847,-3838,-3828,-3817,-3818,-3819,-3819,-3820,-3821,-3810,-3800,-3789,-3790,-3791,-3780,-3769,-3757,-3758,-3759,-3760,-3760,-3750,-3751,-3740,-3741,-3730,-3719,-3720,-3721,-3722,-3711,-3712,-3712,-3713,-3714,-3715,-3715,-3716,-3717,-3718,-3706,-3707,-3708,-3697,-3698,-3698,-3687,-3688,-3689,-3678,-3678,-3679,-3680,-3680,-3669,-3658,-3647,-3648,-3649,-3638,-3638,-3639,-3640,-3641,-3641,-3642,-3643,-3644,-3644,-3645,-3646,-3646,-3647,-3648,-3637,-3638,-3638,-3628,-3629,-3629,-3630,-3631,-3632,-3621,-3610,-3599,-3600,-3589,-3590,-3590,-3591,-3592,-3593,-3593,-3582,-3583,-3584,-3573,-3574,-3574,-3575,-3576,-3565,-3566,-3555,-3556,-3557,-3546,-3546,-3547,-3548,-3549,-3549,-3550,-3551,-3552,-3552,-3542,-3543,-3543,-3544,-3533,-3534,-3535,-3535,-3525,-3525,-3515,-3504,-3505,-3505,-3506,-3495,-3485,-3477,-3473,-3474,-3474,-3463,-3464,-3453,-3442,-3443,-3432,-3433,-3434,-3435,-3435,-3425,-3425,-3426,-3427,-3427,-3417,-3417,-3418,-3419,-3408,-3409,-3398,-3399,-3400,-3401,-3390,-3391,-3391,-3381,-3370,-3371,-3360,-3361,-3351,-3340,-3341,-3341,-3331,-3332,-3332,-3333,-3323,-3312,-3313,-3303,-3292,-3282,-3271,-3261,-3262,-3251,-3241,-3242,-3242,-3243,-3244,-3245,-3245,-3235,-3236,-3225,-3226,-3227,-3217,-3217,-3218,-3208,-3209,-3209,-3210,-3211,-3212,-3212,-3202,-3192,-3193,-3183,-3183,-3173,-3174,-3175,-3176,-3176,-3166,-3167,-3168,-3168,-3158,-3159,-3149,-3139,-3140,-3141,-3141,-3142,-3132,-3133,-3123,-3113,-3103,-3093,-3094,-3095,-3096,-3086,-3076,-3077,-3067,-3068,-3068,-3069,-3059,-3060,-3061,-3051,-3041,-3032,-3022,-3012,-3002,-2993,-2983,-2974,-2964,-2965,-2965,-2956,-2956,-2947,-2948,-2938,-2928,-2919,-2909,-2900,-2901,-2891,-2892,-2882,-2873,-2874,-2874,-2875,-2876,-2876,-2867,-2858,-2858,-2849,-2850,-2850,-2841,-2842,-2832,-2833,-2824,-2815,-2815,-2806,-2807,-2712,-2713,-2708,-2703,-2703,-2704,-2699,-2694,-2695,-2695,-2696,-2697,-2692,-2687,-2687,-2682,-2677,-2678,-2673,-2674,-2669,-2669,-2665,-2666,-2661,-2656,-2651,-2651,-2652,-2653,-2648,-2648,-2649,-2650,-2651,-2646,-2641,-2636,-2632,-2627,-2623,-2623,-2624,-2625,-2620,-2620,-2621,-2622,-2617,-2612,-2606,-2602,-2602,-2603,-2604,-2605,-2600,-2594,-2589,-2590,-2591,-2586,-2586,-2587,-2582,-2577,-2578,-2573,-2574,-2568,-2569,-2570,-2571,-2571,-2567,-2562,-2557,-2558,-2559,-2554,-2549,-2544,-2539,-2540,-2535,-2531,-2531,-2526,-2527,-2523,-2518,-2519,-2519,-2520,-2515,-2516,-2517,-2512,-2507,-2502,-2502,-2498,-2499,-2499,-2496,-2497,-2498,-2493,-2494,-2489,-2484,-2485,-2480,-2475,-2470,-2465,-2460,-2455,-2450,-2445,-2440,-2441,-2436,-2431,-2426,-2421,-2416,-2417,-2412,-2412,-2407,-2402,-2397,-2392,-2393,-2394,-2389,-2384,-2380,-2375,-2371,-2366,-2362,-2357,-2353,-2348,-2348,-2349,-2344,-2339,-2334,-2329,-2324,-2319,-2320,-2321,-2316,-2317,-2313,-2314,-2309,-2309,-2310,-2305,-2306,-2307,-2301,-2296,-2291,-2286,-2281,-2282,-2283,-2278,-2273,-2267,-2263,-2264,-2259,-2260,-2255,-2250,-2251,-2246,-2242,-2242,-2238,-2238,-2233,-2234,-2229,-2224,-2219,-2215,-2216,-2211,-2206,-2207,-2202,-2197,-2198,-2193,-2194,-2189,-2184,-2179,-2174,-2169,-2170,-2166,-2167,-2167,-2168,-2169,-2164,-2165,-2160,-2155,-2150,-2145,-2140,-2135,-2131,-2126,-2126,-2121,-2116,-2111,-2112,-2107,-2102,-2103,-2098,-2099,-2095,-2090,-2086,-2081,-2076,-2071,-2066,-2062,-2062,-2058,-2053,-2054,-2049,-2045,-2046,-2046,-2047,-2048,-2043,-2044,-2039,-2040,-2041,-2036,-2031,-2032,-2027,-2022,-2017,-2013,-2008,-2003,-1998,-1993,-1994,-1989,-1990,-1991,-1991,-1992,-1988,-1983,-1978,-1973,-1968,-1963,-1958,-1953,-1948,-1944,-1939,-1939,-1940,-1935,-1930,-1925,-1920,-1915,-1916,-1911,-1906,-1901,-1896,-1891,-1886,-1887,-1887,-1882,-1877,-1872,-1867,-1862,-1860,-1860,-1855,-1851,-1846,-1847,-1848,-1842,-1843,-1844,-1839,-1834,-1834,-1835,-1830,-1825,-1820,-1815,-1810,-1805,-1800,-1795,-1790,-1785,-1780,-1775,-1776,-1771,-1766,-1767,-1762,-1757,-1752,-1747,-1742,-1737,-1733,-1728,-1723,-1718,-1719,-1714,-1715,-1710,-1705,-1706,-1701,-1697,-1692,-1687,-1682,-1678,-1678,-1674,-1669,-1665,-1660,-1655,-1651,-1651,-1647,-1642,-1638,-1633,-1628,-1624,-1619,-1615,-1610,-1611,-1607,-1602,-1598,-1593,-1594,-1589,-1585,-1581,-1581,-1577,-1572,-1568,-1564,-1559,-1555,-1551,-1551,-1547,-1543,-1538,-1534,-1530,-1525,-1432,-1432,-1432,-1432,-1432,-1432,-1432,-1432,-1432,-1432,-1432,-1432,-1432,-1432,-1432,-1432,-1432,-1432,-1432,-1432,-1432,-1432,-1432,-1432,-1432,-1412,-1392,-1372,-1352,-1332,-1312,-1292,-1272,-1252,-1232,-1212,-1192,-1172,-1152,-1132,-1113,-1093,-1073,-1053,-1033,-1013,-994,-974,-975,-955,-935,-915,-895,-876,-856,-836,-817,-797,-777,-758,-738,-718,-699,-679,-659,-640,-620,-600,-581,-561,-542,-522,-503,-503,-484,-464,-445,-425,-406,-386,-367,-347,-328,-308,-289,-270,-250,-231,-211,-192,-173,-153,-134,-115,-95,-76,-57,-37,-18,0
-3935,-3936,-3937,-3937,-3938,-3939,-3940,-3940,-3941,-3942,-3943,-3943,-3944,-3945,-3946,-3946,-3947,-3948,-3948,-3949,-3950,-3951,-3951,-3952,-3953,-3954,-3954,-3955,-3956,-3957,-3957,-3958,-3959,-3960,-3960,-3961,-3962,-3963,-3963,-3964,-3965,-3965,-3966,-3967,-3968,-3968,-3969,-3970,-3971,-3971,-3972,-3973,-3974,-3974,-3975,-3976,-3977,-3977,-3978,-3966,-3967,-3968,-3969,-3957,-3958,-3959,-3960,-3947,-3948,-3949,-3950,-3950,-3951,-3952,-3953,-3953,-3954,-3955,-3956,-3956,-3957,-3958,-3959,-3959,-3960,-3961,-3961,-3962,-3963,-3964,-3964,-3965,-3966,-3967,-3967,-3968,-3957,-3957,-3958,-3959,-3960,-3960,-3948,-3937,-3937,-3938,-3939,-3940,-3940,-3941,-3942,-3943,-3943,-3944,-3945,-3946,-3946,-3947,-3948,-3949,-3949,-3950,-3938,-3939,-3940,-3928,-3929,-3930,-3930,-3919,-3920,-3908,-3909,-3910,-3899,-3900,-3901,-3901,-3902,-3903,-3904,-3904,-3905,-3906,-3907,-3907,-3908,-3909,-3897,-3886,-3887,-3888,-3889,-3889,-3878,-3879,-3880,-3880,-3881,-3882,-3882,-3883,-3884,-3885,-3885,-3886,-3887,-3888,-3888,-3878,-3879,-3879,-3880,-3881,-3882,-3882,-3883,-3884,-3885,-3885,-3886,-3887,-3875,-3876,-3877,-3878,-3878,-3879,-3880,-3881,-3869,-3870,-3871,-3872,-3872,-3873,-3874,-3875,-3875,-3864,-3865,-3866,-3866,-3857,-3847,-3836,-3825,-3826,-3827,-3828,-3828,-3829,-3819,-3809,-3798,-3798,-3799,-3788,-3777,-3767,-3767,-3768,-3769,-3769,-3758,-3759,-3748,-3749,-3739,-3728,-3729,-3730,-3730,-3719,-3720,-3721,-3721,-3722,-3723,-3724,-3724,-3725,-3726,-3715,-3715,-3716,-3705,-3706,-3706,-3695,-3696,-3697,-3686,-3686,-3687,-3688,-3689,-3678,-3667,-3655,-3656,-3657,-3646,-3647,-3647,-3648,-3649,-3650,-3650,-3651,-3652,-3653,-3653,-3654,-3655,-3656,-3656,-3646,-3646,-3647,-3636,-3637,-3638,-3639,-3639,-3640,-3629,-3618,-3607,-3608,-3597,-3598,-3599,-3599,-3600,-3601,-3602,-3591,-3592,-3592,-3581,-3582,-3583,-3584,-3584,-3574,-3574,-3564,-3564,-3565,-3555,-3555,-3556,-3557,-3557,-3558,-3559,-3560,-3560,-3561,-3550,-3551,-3552,-3553,-3542,-3543,-3543,-3544,-3533,-3534,-3523,-3512,-3513,-3514,-3515,-3504,-3496,-3492,-3481,-3482,-3483,-3472,-3473,-3462,-3451,-3452,-3441,-3442,-3442,-3443,-3444,-3433,-3434,-3435,-3435,-3436,-3425,-3426,-3427,-3428,-3417,-3418,-3407,-3408,-3408,-3409,-3399,-3399,-3400,-3389,-3379,-3380,-3369,-3370,-3359,-3349,-3349,-3350,-3340,-3340,-3341,-3342,-3332,-3321,-3322,-3311,-3301,-3291,-3280,-3270,-3271,-3260,-3250,-3251,-3251,-3252,-3253,-3254,-3254,-3244,-3245,-3234,-3235,-3236,-3226,-3226,-3227,-3217,-3218,-3218,-3219,-3220,-3221,-3221,-3211,-3201,-3202,-3192,-3193,-3183,-3183,-3184,-3185,-3185,-3175,-3176,-3177,-3178,-3168,-3168,-3158,-3148,-3149,-3150,-3151,-3151,-3142,-3142,-3132,-3122,-3113,-3103,-3104,-3104,-3105,-3095,-3085,-3086,-3076,-3077,-3078,-3079,-3069,-3070,-3070,-3061,-3051,-3041,-3031,-3022,-3012,-3002,-2993,-2983,-2974,-2974,-2975,-2965,-2966,-2957,-2957,-2948,-2938,-2929,-2919,-2910,-2910,-2901,-2902,-2892,-2883,-2883,-2884,-2885,-2886,-2886,-2877,-2868,-2868,-2859,-2860,-2860,-2851,-2852,-2842,-2843,-2834,-2825,-2825,-2816,-2817,-2726,-2727,-2722,-2717,-2718,-2718,-2713,-2708,-2709,-2710,-2710,-2711,-2706,-2701,-2702,-2697,-2692,-2692,-2687,-2688,-2684,-2684,-2679,-2680,-2675,-2670,-2665,-2665,-2666,-2667,-2662,-2663,-2663,-2664,-2665,-2660,-2656,-2651,-2646,-2642,-2637,-2637,-2638,-2639,-2634,-2635,-2635,-2636,-2631,-2626,-2621,-2616,-2617,-2617,-2618,-2619,-2614,-2608,-2603,-2604,-2605,-2600,-2601,-2601,-2596,-2591,-2592,-2587,-2588,-2583,-2584,-2584,-2585,-2586,-2581,-2577,-2572,-2572,-2573,-2568,-2563,-2559,-2554,-2554,-2550,-2545,-2546,-2541,-2542,-2537,-2532,-2533,-2534,-2534,-2529,-2530,-2531,-2526,-2521,-2516,-2517,-2514,-2515,-2515,-2511,-2512,-2512,-2507,-2508,-2503,-2498,-2499,-2494,-2489,-2484,-2479,-2474,-2469,-2464,-2459,-2454,-2455,-2450,-2445,-2440,-2435,-2430,-2431,-2426,-2426,-2421,-2416,-2411,-2407,-2408,-2408,-2403,-2399,-2394,-2390,-2386,-2381,-2376,-2372,-2367,-2362,-2363,-2363,-2358,-2353,-2348,-2343,-2338,-2334,-2334,-2335,-2331,-2332,-2327,-2328,-2323,-2324,-2324,-2319,-2320,-2321,-2316,-2311,-2306,-2300,-2295,-2296,-2297,-2292,-2287,-2283,-2278,-2278,-2274,-2274,-2269,-2265,-2265,-2261,-2256,-2257,-2252,-2253,-2248,-2248,-2244,-2239,-2235,-2230,-2230,-2225,-2220,-2221,-2216,-2211,-2212,-2207,-2208,-2203,-2198,-2193,-2189,-2184,-2185,-2180,-2181,-2182,-2182,-2183,-2179,-2180,-2175,-2170,-2165,-2160,-2155,-2150,-2145,-2140,-2141,-2136,-2131,-2126,-2126,-2122,-2117,-2118,-2114,-2114,-2110,-2105,-2100,-2095,-2091,-2086,-2081,-2076,-2077,-2072,-2068,-2068,-2064,-2059,-2060,-2061,-2061,-2062,-2058,-2059,-2054,-2054,-2055,-2050,-2046,-2046,-2042,-2037,-2032,-2027,-2022,-2018,-2013,-2008,-2009,-2004,-2005,-2005,-2006,-2007,-2002,-1997,-1992,-1987,-1982,-1977,-1973,-1968,-1963,-1958,-1953,-1954,-1954,-1949,-1945,-1940,-1935,-1930,-1930,-1925,-1920,-1915,-1910,-1905,-1900,-1901,-1901,-1896,-1891,-1886,-1881,-1879,-1879,-1875,-1871,-1865,-1860,-1861,-1862,-1857,-1857,-1858,-1853,-1848,-1849,-1849,-1844,-1839,-1834,-1829,-1824,-1819,-1814,-1809,-1804,-1799,-1794,-1789,-1790,-1785,-1780,-1781,-1776,-1771,-1766,-1762,-1757,-1752,-1747,-1742,-1737,-1733,-1733,-1729,-1729,-1725,-1720,-1721,-1716,-1711,-1706,-1702,-1697,-1692,-1693,-1688,-1684,-1679,-1674,-1670,-1665,-1666,-1661,-1657,-1652,-1648,-1643,-1639,-1634,-1630,-1625,-1626,-1621,-1617,-1612,-1608,-1609,-1604,-1600,-1595,-1596,-1592,-1587,-1583,-1579,-1574,-1570,-1565,-1566,-1562,-1558,-1553,-1549,-1545,-1540,-1451,-1451,-1451,-1451,-1451,-1451,-1451,-1451,-1451,-1451,-1451,-1451,-1451,-1451,-1451,-1451,-1451,-1451,-1451,-1451,-1451,-1451,-1451,-1451,-1431,-1411,-1391,-1371,-1351,-1331,-1311,-1291,-1271,-1251,-1231,-1211,-1192,-1172,-1152,-1132,-1112,-1092,-1072,-1052,-1033,-1013,-993,-973,-974,-954,-934,-915,-895,-875,-856,-836,-816,-796,-777,-757,-737,-718,-698,-679,-659,-639,-620,-600,-581,-561,-541,-522,-502,-503,-484,-464,-444,-425,-406,-386,-367,-347,-328,-308,-289,-269,-250,-231,-211,-192,-173,-153,-134,-115,-95,-76,-57,-37,-18,0
-3942,-3943,-3944,-3944,-3945,-3946,-3947,-3947,-3948,-3949,-3950,-3950,-3951,-3952,-3953,-3953,-3954,-3955,-3956,-3956,-3957,-3958,-3959,-3959,-3960,-3961,-3962,-3962,-3963,-3964,-3965,-3965,-3966,-3967,-3968,-3968,-3969,-3970,-3971,-3971,-3972,-3973,-3974,-3974,-3975,-3976,-3977,-3977,-3978,-3979,-3980,-3980,-3981,-3982,-3983,-3983,-3984,-3985,-3986,-3974,-3975,-3976,-3977,-3964,-3965,-3966,-3967,-3955,-3956,-3956,-3957,-3958,-3959,-3959,-3960,-3961,-3962,-3962,-3963,-3964,-3965,-3965,-3966,-3967,-3968,-3968,-3969,-3970,-3971,-3971,-3972,-3973,-3974,-3974,-3975,-3976,-3964,-3965,-3965,-3966,-3967,-3968,-3956,-3944,-3945,-3946,-3946,-3947,-3948,-3949,-3949,-3950,-3951,-3952,-3952,-3953,-3954,-3955,-3955,-3956,-3957,-3958,-3946,-3947,-3947,-3936,-3937,-3938,-3938,-3927,-3927,-3917,-3918,-3918,-3907,-3908,-3908,-3909,-3910,-3911,-3911,-3912,-3913,-3914,-3914,-3915,-3916,-3917,-3906,-3894,-3895,-3896,-3897,-3897,-3887,-3887,-3888,-3889,-3890,-3890,-3891,-3892,-3893,-3893,-3894,-3895,-3896,-3896,-3897,-3886,-3886,-3887,-3888,-3889,-3889,-3890,-3891,-3892,-3892,-3893,-3894,-3895,-3883,-3884,-3885,-3886,-3886,-3887,-3888,-3889,-3877,-3878,-3879,-3880,-3880,-3881,-3882,-3883,-3883,-3874,-3875,-3875,-3876,-3866,-3856,-3845,-3835,-3836,-3836,-3837,-3838,-3839,-3828,-3817,-3806,-3806,-3807,-3796,-3786,-3775,-3775,-3776,-3777,-3778,-3767,-3767,-3757,-3758,-3747,-3736,-3737,-3738,-3738,-3727,-3728,-3729,-3729,-3730,-3731,-3732,-3732,-3733,-3734,-3723,-3723,-3724,-3713,-3714,-3715,-3703,-3704,-3705,-3694,-3695,-3695,-3696,-3697,-3686,-3675,-3664,-3664,-3665,-3654,-3655,-3656,-3657,-3657,-3658,-3659,-3660,-3660,-3661,-3662,-3663,-3663,-3664,-3665,-3654,-3655,-3656,-3645,-3646,-3646,-3647,-3648,-3649,-3638,-3627,-3616,-3616,-3606,-3606,-3607,-3608,-3609,-3609,-3610,-3599,-3600,-3601,-3590,-3591,-3591,-3592,-3593,-3582,-3583,-3572,-3573,-3574,-3563,-3564,-3564,-3565,-3566,-3567,-3567,-3568,-3569,-3570,-3559,-3560,-3560,-3561,-3550,-3551,-3552,-3553,-3542,-3543,-3532,-3521,-3522,-3522,-3523,-3515,-3511,-3500,-3490,-3490,-3491,-3480,-3481,-3470,-3459,-3460,-3449,-3450,-3451,-3452,-3452,-3442,-3442,-3443,-3444,-3445,-3434,-3435,-3435,-3436,-3425,-3426,-3416,-3416,-3417,-3418,-3407,-3408,-3409,-3398,-3388,-3388,-3378,-3379,-3368,-3357,-3358,-3359,-3349,-3349,-3350,-3351,-3340,-3330,-3331,-3320,-3310,-3299,-3289,-3279,-3279,-3269,-3259,-3260,-3260,-3261,-3262,-3263,-3263,-3253,-3254,-3243,-3244,-3245,-3235,-3236,-3236,-3226,-3227,-3228,-3228,-3229,-3230,-3231,-3220,-3210,-3211,-3201,-3202,-3192,-3192,-3193,-3194,-3195,-3185,-3185,-3186,-3187,-3177,-3178,-3168,-3158,-3159,-3159,-3160,-3161,-3151,-3152,-3142,-3132,-3122,-3112,-3113,-3114,-3114,-3105,-3095,-3096,-3086,-3087,-3087,-3088,-3078,-3079,-3080,-3070,-3060,-3051,-3041,-3031,-3022,-3012,-3002,-2993,-2983,-2984,-2985,-2975,-2976,-2966,-2967,-2957,-2948,-2938,-2929,-2919,-2920,-2911,-2911,-2902,-2892,-2893,-2894,-2895,-2895,-2896,-2887,-2877,-2878,-2869,-2869,-2870,-2861,-2862,-2852,-2853,-2844,-2834,-2835,-2826,-2827,-2740,-2741,-2736,-2731,-2732,-2732,-2727,-2722,-2723,-2724,-2725,-2725,-2720,-2715,-2716,-2711,-2706,-2706,-2702,-2703,-2698,-2699,-2693,-2694,-2689,-2684,-2679,-2680,-2680,-2681,-2677,-2677,-2678,-2679,-2680,-2675,-2670,-2666,-2661,-2656,-2651,-2652,-2652,-2653,-2648,-2649,-2649,-2650,-2645,-2640,-2635,-2630,-2631,-2631,-2632,-2633,-2628,-2623,-2618,-2618,-2619,-2614,-2615,-2616,-2611,-2605,-2606,-2601,-2602,-2597,-2598,-2599,-2600,-2600,-2596,-2591,-2586,-2587,-2587,-2582,-2578,-2573,-2568,-2569,-2564,-2560,-2560,-2556,-2556,-2551,-2546,-2547,-2548,-2549,-2544,-2544,-2545,-2540,-2536,-2532,-2533,-2529,-2529,-2530,-2525,-2526,-2527,-2522,-2522,-2517,-2512,-2513,-2508,-2503,-2498,-2493,-2488,-2483,-2479,-2474,-2469,-2469,-2465,-2460,-2454,-2449,-2444,-2445,-2440,-2441,-2436,-2431,-2426,-2421,-2422,-2423,-2418,-2413,-2410,-2405,-2401,-2396,-2391,-2386,-2381,-2376,-2377,-2378,-2373,-2368,-2363,-2358,-2353,-2349,-2350,-2351,-2346,-2346,-2341,-2342,-2337,-2338,-2338,-2333,-2334,-2335,-2330,-2325,-2320,-2315,-2310,-2310,-2311,-2306,-2302,-2297,-2292,-2293,-2288,-2289,-2284,-2279,-2280,-2275,-2270,-2271,-2266,-2267,-2262,-2263,-2258,-2254,-2249,-2244,-2245,-2240,-2235,-2236,-2231,-2226,-2226,-2221,-2222,-2217,-2212,-2208,-2204,-2199,-2199,-2195,-2196,-2197,-2197,-2198,-2193,-2194,-2189,-2184,-2179,-2174,-2169,-2164,-2159,-2154,-2155,-2150,-2145,-2140,-2141,-2136,-2132,-2133,-2128,-2129,-2124,-2119,-2115,-2110,-2105,-2100,-2095,-2091,-2091,-2087,-2083,-2083,-2079,-2074,-2075,-2076,-2076,-2077,-2072,-2073,-2068,-2069,-2070,-2065,-2060,-2061,-2056,-2051,-2047,-2042,-2037,-2032,-2027,-2022,-2023,-2018,-2019,-2020,-2021,-2021,-2016,-2011,-2007,-2002,-1997,-1992,-1987,-1982,-1977,-1972,-1967,-1968,-1969,-1964,-1959,-1954,-1949,-1944,-1945,-1940,-1934,-1929,-1924,-1919,-1914,-1915,-1916,-1911,-1905,-1900,-1898,-1898,-1894,-1890,-1885,-1879,-1874,-1875,-1876,-1871,-1871,-1872,-1867,-1862,-1863,-1864,-1859,-1854,-1848,-1843,-1838,-1833,-1829,-1824,-1819,-1814,-1809,-1804,-1805,-1800,-1795,-1795,-1791,-1786,-1781,-1776,-1771,-1766,-1761,-1757,-1752,-1747,-1748,-1743,-1744,-1739,-1734,-1735,-1730,-1726,-1721,-1716,-1712,-1707,-1708,-1703,-1698,-1694,-1689,-1685,-1680,-1681,-1676,-1672,-1667,-1662,-1658,-1653,-1649,-1644,-1640,-1641,-1636,-1632,-1627,-1623,-1623,-1619,-1615,-1610,-1611,-1607,-1602,-1598,-1593,-1589,-1585,-1580,-1581,-1577,-1573,-1568,-1564,-1560,-1555,-1471,-1471,-1471,-1471,-1471,-1471,-1471,-1471,-1471,-1471,-1470,-1470,-1470,-1470,-1470,-1470,-1470,-1470,-1470,-1470,-1470,-1470,-1470,-1450,-1430,-1410,-1390,-1370,-1350,-1330,-1310,-1290,-1270,-1251,-1231,-1211,-1191,-1171,-1151,-1131,-1111,-1092,-1072,-1052,-1032,-1012,-993,-973,-973,-954,-934,-914,-895,-875,-855,-835,-816,-796,-776,-757,-737,-717,-698,-678,-659,-639,-619,-600,-580,-561,-541,-522,-502,-503,-483,-464,-444,-425,-405,-386,-366,-347,-328,-308,-289,-269,-250,-231,-211,-192,-172,-153,-134,-114,-95,-76,-57,-37,-18,0
-3949,-3950,-3951,-3952,-3953,-3953,-3954,-3955,-3956,-3956,-3957,-3958,-3959,-3959,-3960,-3961,-3962,-3962,-3963,-3964,-3965,-3965,-3966,-3967,-3968,-3968,-3969,-3970,-3971,-3972,-3972,-3973,-3974,-3975,-3975,-3976,-3977,-3978,-3978,-3979,-3980,-3981,-3981,-3982,-3983,-3984,-3984,-3985,-3986,-3987,-3987,-3988,-3989,-3990,-3991,-3991,-3992,-3993,-3994,-3981,-3982,-3983,-3984,-3972,-3973,-3973,-3974,-3962,-3963,-3963,-3964,-3965,-3966,-3966,-3967,-3968,-3969,-3970,-3970,-3971,-3972,-3973,-3973,-3974,-3975,-3976,-3976,-3977,-3978,-3979,-3979,-3980,-3981,-3982,-3982,-3983,-3971,-3972,-3973,-3974,-3974,-3975,-3963,-3951,-3952,-3953,-3954,-3955,-3955,-3956,-3957,-3958,-3958,-3959,-3960,-3961,-3961,-3962,-3963,-3964,-3964,-3965,-3954,-3954,-3955,-3944,-3944,-3945,-3946,-3935,-3936,-3925,-3925,-3926,-3915,-3916,-3916,-3917,-3918,-3919,-3919,-3920,-3921,-3922,-3923,-3923,-3924,-3925,-3914,-3903,-3904,-3904,-3905,-3906,-3894,-3895,-3896,-3897,-3897,-3898,-3899,-3900,-3900,-3901,-3902,-3903,-3903,-3904,-3905,-3894,-3894,-3895,-3896,-3897,-3897,-3898,-3899,-3900,-3900,-3901,-3902,-3903,-3891,-3892,-3893,-3894,-3894,-3895,-3896,-3897,-3887,-3888,-3889,-3889,-3890,-3891,-3892,-3892,-3893,-3883,-3884,-3885,-3886,-3875,-3864,-3854,-3843,-3844,-3845,-3846,-3846,-3847,-3836,-3825,-3814,-3814,-3815,-3805,-3794,-3783,-3784,-3784,-3785,-3786,-3776,-3776,-3766,-3767,-3755,-3744,-3745,-3746,-3746,-3735,-3736,-3737,-3737,-3738,-3739,-3740,-3740,-3741,-3742,-3731,-3732,-3732,-3721,-3722,-3723,-3712,-3712,-3713,-3702,-3703,-3704,-3704,-3705,-3694,-3683,-3672,-3673,-3674,-3663,-3663,-3664,-3665,-3666,-3667,-3667,-3668,-3669,-3670,-3670,-3671,-3672,-3673,-3673,-3663,-3663,-3664,-3653,-3654,-3655,-3655,-3656,-3657,-3646,-3635,-3624,-3625,-3614,-3615,-3615,-3616,-3617,-3618,-3618,-3608,-3608,-3609,-3598,-3599,-3600,-3600,-3601,-3591,-3592,-3581,-3581,-3582,-3571,-3572,-3573,-3573,-3574,-3575,-3576,-3577,-3577,-3578,-3567,-3568,-3569,-3570,-3559,-3559,-3560,-3561,-3550,-3551,-3540,-3532,-3533,-3534,-3534,-3531,-3520,-3509,-3498,-3499,-3499,-3489,-3489,-3479,-3468,-3469,-3458,-3459,-3459,-3460,-3461,-3450,-3451,-3452,-3452,-3453,-3442,-3443,-3444,-3445,-3434,-3435,-3424,-3425,-3426,-3426,-3416,-3417,-3417,-3407,-3396,-3397,-3386,-3387,-3377,-3366,-3367,-3368,-3357,-3358,-3359,-3360,-3349,-3339,-3339,-3329,-3319,-3308,-3298,-3288,-3288,-3278,-3268,-3268,-3269,-3270,-3271,-3271,-3272,-3262,-3263,-3252,-3253,-3254,-3244,-3245,-3245,-3235,-3236,-3237,-3237,-3238,-3239,-3240,-3230,-3219,-3220,-3210,-3211,-3201,-3202,-3202,-3203,-3204,-3194,-3195,-3195,-3196,-3186,-3187,-3177,-3167,-3168,-3169,-3169,-3170,-3160,-3161,-3151,-3141,-3131,-3122,-3122,-3123,-3124,-3114,-3104,-3105,-3095,-3096,-3097,-3098,-3088,-3089,-3089,-3080,-3070,-3060,-3051,-3041,-3031,-3022,-3012,-3002,-2993,-2994,-2994,-2985,-2985,-2976,-2977,-2967,-2958,-2948,-2939,-2929,-2930,-2920,-2921,-2912,-2902,-2903,-2904,-2904,-2905,-2906,-2897,-2887,-2888,-2879,-2879,-2880,-2871,-2872,-2862,-2863,-2854,-2844,-2845,-2836,-2837,-2755,-2755,-2750,-2745,-2746,-2747,-2742,-2736,-2737,-2738,-2739,-2739,-2734,-2729,-2730,-2725,-2721,-2721,-2716,-2717,-2712,-2713,-2708,-2708,-2703,-2698,-2694,-2694,-2695,-2696,-2691,-2692,-2693,-2693,-2694,-2689,-2685,-2680,-2675,-2670,-2665,-2666,-2666,-2667,-2662,-2663,-2663,-2664,-2660,-2654,-2649,-2644,-2645,-2645,-2646,-2647,-2642,-2637,-2632,-2632,-2633,-2628,-2629,-2630,-2625,-2620,-2621,-2616,-2617,-2612,-2613,-2614,-2614,-2615,-2610,-2605,-2600,-2601,-2602,-2597,-2592,-2588,-2583,-2583,-2579,-2574,-2575,-2570,-2571,-2566,-2561,-2561,-2562,-2563,-2558,-2559,-2559,-2555,-2552,-2547,-2548,-2543,-2544,-2544,-2539,-2540,-2541,-2536,-2537,-2532,-2527,-2527,-2522,-2517,-2513,-2508,-2503,-2498,-2493,-2488,-2483,-2484,-2479,-2474,-2469,-2463,-2458,-2459,-2454,-2455,-2450,-2445,-2440,-2436,-2437,-2437,-2432,-2429,-2424,-2420,-2415,-2410,-2405,-2400,-2395,-2390,-2391,-2392,-2387,-2382,-2377,-2372,-2368,-2363,-2364,-2365,-2360,-2361,-2355,-2356,-2351,-2352,-2353,-2348,-2348,-2349,-2344,-2339,-2334,-2329,-2324,-2324,-2325,-2321,-2316,-2311,-2306,-2307,-2302,-2303,-2299,-2294,-2295,-2290,-2285,-2285,-2281,-2281,-2276,-2277,-2273,-2268,-2263,-2258,-2259,-2254,-2249,-2250,-2245,-2240,-2241,-2236,-2236,-2231,-2227,-2223,-2218,-2214,-2214,-2209,-2210,-2211,-2212,-2212,-2207,-2208,-2203,-2198,-2193,-2188,-2183,-2178,-2173,-2168,-2169,-2164,-2159,-2155,-2155,-2151,-2147,-2147,-2143,-2143,-2139,-2134,-2129,-2124,-2119,-2115,-2110,-2105,-2106,-2102,-2097,-2098,-2093,-2088,-2089,-2090,-2091,-2091,-2087,-2087,-2083,-2083,-2084,-2079,-2074,-2075,-2071,-2066,-2061,-2056,-2051,-2046,-2042,-2037,-2038,-2033,-2033,-2034,-2035,-2036,-2031,-2026,-2021,-2016,-2011,-2006,-2001,-1996,-1991,-1986,-1982,-1982,-1983,-1978,-1973,-1968,-1963,-1958,-1959,-1954,-1949,-1944,-1938,-1933,-1928,-1929,-1930,-1925,-1920,-1918,-1917,-1913,-1909,-1904,-1899,-1894,-1888,-1889,-1890,-1885,-1886,-1886,-1881,-1876,-1877,-1878,-1873,-1868,-1863,-1858,-1853,-1848,-1843,-1838,-1833,-1828,-1823,-1818,-1819,-1814,-1809,-1810,-1805,-1800,-1795,-1790,-1786,-1781,-1776,-1771,-1766,-1762,-1762,-1758,-1758,-1754,-1749,-1750,-1745,-1740,-1736,-1731,-1726,-1721,-1722,-1718,-1713,-1708,-1704,-1699,-1695,-1695,-1691,-1686,-1682,-1677,-1673,-1668,-1664,-1659,-1655,-1655,-1651,-1646,-1642,-1637,-1638,-1634,-1629,-1625,-1626,-1621,-1617,-1613,-1608,-1604,-1600,-1595,-1596,-1592,-1588,-1583,-1579,-1575,-1570,-1490,-1490,-1490,-1490,-1490,-1490,-1490,-1490,-1490,-1490,-1490,-1490,-1490,-1490,-1490,-1490,-1490,-1490,-1490,-1490,-1490,-1489,-1469,-1449,-1429,-1409,-1389,-1370,-1350,-1330,-1310,-1290,-1270,-1250,-1230,-1210,-1190,-1170,-1150,-1131,-1111,-1091,-1071,-1051,-1032,-1012,-992,-972,-973,-953,-933,-914,-894,-874,-855,-835,-815,-796,-776,-756,-737,-717,-697,-678,-658,-639,-619,-599,-580,-560,-541,-521,-502,-502,-483,-463,-444,-425,-405,-386,-366,-347,-327,-308,-289,-269,-250,-230,-211,-192,-172,-153,-134,-114,-95,-76,-57,-37,-18,0
-3956,-3957,-3958,-3958,-3959,-3960,-3961,-3961,-3962,-3963,-3964,-3964,-3965,-3966,-3967,-3968,-3968,-3969,-3970,-3971,-3971,-3972,-3973,-3974,-3974,-3975,-3976,-3977,-3978,-3978,-3979,-3980,-3981,-3981,-3982,-3983,-3984,-3984,-3985,-3986,-3987,-3988,-3988,-3989,-3990,-3991,-3991,-3992,-3993,-3994,-3994,-3995,-3996,-3997,-3998,-3998,-3999,-4000,-4001,-3989,-3989,-3990,-3991,-3979,-3980,-3980,-3981,-3969,-3970,-3971,-3971,-3972,-3973,-3974,-3974,-3975,-3976,-3977,-3977,-3978,-3979,-3980,-3981,-3981,-3982,-3983,-3984,-3984,-3985,-3986,-3987,-3988,-3988,-3989,-3990,-3991,-3979,-3979,-3980,-3981,-3982,-3983,-3971,-3959,-3960,-3961,-3961,-3962,-3963,-3964,-3964,-3965,-3966,-3967,-3968,-3968,-3969,-3970,-3971,-3971,-3972,-3973,-3961,-3962,-3963,-3952,-3953,-3954,-3955,-3943,-3944,-3933,-3933,-3934,-3923,-3924,-3924,-3925,-3926,-3927,-3927,-3928,-3929,-3930,-3930,-3931,-3932,-3933,-3922,-3910,-3911,-3912,-3913,-3914,-3902,-3903,-3904,-3904,-3905,-3906,-3907,-3907,-3908,-3909,-3910,-3910,-3911,-3912,-3913,-3901,-3902,-3903,-3904,-3904,-3905,-3906,-3907,-3907,-3908,-3909,-3910,-3911,-3901,-3902,-3903,-3903,-3904,-3905,-3906,-3906,-3896,-3897,-3898,-3899,-3899,-3900,-3901,-3902,-3903,-3892,-3893,-3893,-3894,-3883,-3873,-3863,-3851,-3852,-3853,-3854,-3854,-3855,-3844,-3833,-3823,-3823,-3824,-3813,-3802,-3792,-3793,-3793,-3794,-3795,-3784,-3785,-3774,-3775,-3763,-3752,-3753,-3754,-3754,-3743,-3744,-3745,-3745,-3746,-3747,-3748,-3749,-3749,-3750,-3739,-3740,-3740,-3729,-3730,-3731,-3720,-3720,-3721,-3710,-3711,-3712,-3712,-3713,-3702,-3691,-3680,-3681,-3682,-3671,-3672,-3673,-3673,-3674,-3675,-3676,-3676,-3677,-3678,-3679,-3679,-3680,-3681,-3682,-3671,-3672,-3672,-3661,-3662,-3663,-3664,-3664,-3665,-3654,-3643,-3632,-3633,-3622,-3623,-3624,-3625,-3625,-3626,-3627,-3616,-3617,-3617,-3607,-3608,-3608,-3609,-3610,-3599,-3600,-3589,-3590,-3590,-3580,-3580,-3581,-3582,-3583,-3583,-3584,-3585,-3586,-3586,-3576,-3576,-3577,-3578,-3567,-3568,-3569,-3569,-3559,-3559,-3551,-3548,-3548,-3549,-3550,-3539,-3528,-3517,-3506,-3507,-3508,-3497,-3498,-3487,-3476,-3477,-3466,-3467,-3468,-3469,-3469,-3459,-3459,-3460,-3461,-3462,-3451,-3452,-3452,-3453,-3443,-3443,-3433,-3434,-3434,-3435,-3424,-3425,-3426,-3415,-3405,-3406,-3395,-3396,-3385,-3375,-3376,-3377,-3366,-3367,-3368,-3368,-3358,-3348,-3348,-3338,-3328,-3317,-3307,-3296,-3297,-3287,-3277,-3277,-3278,-3279,-3280,-3280,-3281,-3271,-3272,-3261,-3262,-3263,-3253,-3254,-3254,-3244,-3245,-3246,-3247,-3247,-3248,-3249,-3239,-3229,-3229,-3219,-3220,-3210,-3211,-3212,-3212,-3213,-3203,-3204,-3205,-3205,-3195,-3196,-3186,-3176,-3177,-3178,-3179,-3179,-3170,-3170,-3160,-3151,-3141,-3131,-3132,-3133,-3133,-3123,-3114,-3114,-3105,-3105,-3106,-3107,-3097,-3098,-3099,-3089,-3079,-3070,-3060,-3050,-3041,-3031,-3022,-3012,-3002,-3003,-3004,-2994,-2995,-2986,-2986,-2977,-2967,-2958,-2948,-2939,-2940,-2930,-2931,-2921,-2912,-2913,-2914,-2914,-2915,-2916,-2906,-2897,-2898,-2889,-2889,-2890,-2881,-2881,-2872,-2873,-2864,-2854,-2855,-2846,-2847,-2769,-2769,-2764,-2759,-2760,-2761,-2756,-2751,-2751,-2752,-2753,-2754,-2748,-2743,-2744,-2740,-2735,-2736,-2730,-2731,-2726,-2727,-2722,-2722,-2717,-2713,-2708,-2709,-2710,-2710,-2706,-2706,-2707,-2708,-2709,-2704,-2700,-2694,-2689,-2684,-2679,-2680,-2680,-2681,-2676,-2677,-2678,-2679,-2674,-2668,-2663,-2658,-2659,-2660,-2660,-2661,-2656,-2651,-2646,-2647,-2648,-2642,-2643,-2644,-2639,-2634,-2635,-2630,-2631,-2626,-2627,-2628,-2629,-2629,-2624,-2619,-2615,-2616,-2616,-2611,-2607,-2602,-2597,-2598,-2593,-2588,-2589,-2584,-2585,-2580,-2575,-2576,-2576,-2577,-2573,-2573,-2574,-2571,-2566,-2561,-2562,-2557,-2558,-2559,-2554,-2554,-2555,-2550,-2551,-2546,-2541,-2542,-2537,-2532,-2527,-2522,-2517,-2512,-2507,-2502,-2497,-2498,-2493,-2488,-2483,-2478,-2473,-2473,-2468,-2469,-2465,-2460,-2455,-2450,-2451,-2452,-2448,-2443,-2439,-2434,-2430,-2425,-2420,-2415,-2410,-2405,-2405,-2406,-2401,-2396,-2391,-2388,-2383,-2377,-2378,-2379,-2374,-2375,-2370,-2370,-2365,-2366,-2367,-2362,-2362,-2363,-2358,-2353,-2348,-2343,-2339,-2340,-2340,-2335,-2331,-2326,-2321,-2322,-2317,-2318,-2313,-2308,-2309,-2304,-2299,-2300,-2295,-2296,-2292,-2292,-2287,-2282,-2277,-2272,-2273,-2268,-2263,-2264,-2259,-2254,-2255,-2250,-2251,-2246,-2242,-2237,-2233,-2228,-2229,-2224,-2224,-2225,-2226,-2227,-2222,-2222,-2217,-2212,-2207,-2203,-2198,-2193,-2188,-2183,-2183,-2179,-2174,-2170,-2171,-2166,-2161,-2162,-2157,-2158,-2153,-2148,-2143,-2139,-2134,-2129,-2125,-2120,-2121,-2116,-2112,-2113,-2108,-2103,-2104,-2104,-2105,-2106,-2101,-2102,-2097,-2098,-2098,-2094,-2089,-2090,-2085,-2080,-2075,-2070,-2066,-2061,-2056,-2051,-2052,-2047,-2048,-2048,-2049,-2050,-2045,-2040,-2035,-2030,-2025,-2021,-2016,-2011,-2006,-2001,-1996,-1996,-1997,-1992,-1987,-1982,-1977,-1972,-1973,-1968,-1963,-1958,-1953,-1948,-1942,-1943,-1944,-1939,-1937,-1937,-1932,-1928,-1923,-1918,-1913,-1908,-1903,-1903,-1904,-1899,-1900,-1901,-1895,-1890,-1891,-1892,-1887,-1882,-1877,-1872,-1867,-1862,-1857,-1852,-1847,-1842,-1837,-1832,-1833,-1828,-1823,-1824,-1819,-1814,-1810,-1805,-1800,-1795,-1790,-1786,-1781,-1776,-1777,-1772,-1773,-1768,-1763,-1764,-1759,-1755,-1750,-1745,-1741,-1736,-1737,-1732,-1728,-1723,-1718,-1714,-1709,-1710,-1705,-1701,-1696,-1692,-1687,-1683,-1678,-1674,-1669,-1670,-1666,-1661,-1657,-1652,-1653,-1649,-1644,-1640,-1641,-1636,-1632,-1628,-1623,-1619,-1615,-1610,-1611,-1607,-1602,-1598,-1594,-1590,-1585,-1509,-1509,-1509,-1509,-1509,-1509,-1509,-1509,-1509,-1509,-1509,-1509,-1509,-1509,-1509,-1509,-1509,-1509,-1509,-1509,-1509,-1489,-1469,-1449,-1429,-1409,-1389,-1369,-1349,-1329,-1309,-1289,-1269,-1249,-1229,-1209,-1190,-1170,-1150,-1130,-1110,-1090,-1071,-1051,-1031,-1011,-991,-972,-972,-953,-933,-913,-894,-874,-854,-834,-815,-795,-776,-756,-736,-717,-697,-677,-658,-638,-619,-599,-580,-560,-540,-521,-501,-502,-483,-463,-444,-424,-405,-385,-366,-347,-327,-308,-288,-269,-250,-230,-211,-192,-172,-153,-134,-114,-95,-76,-56,-37,-18,0
-3963,-3963,-3964,-3965,-3966,-3967,-3967,-3968,-3969,-3970,-3970,-3971,-3972,-3973,-3974,-3974,-3975,-3976,-3977,-3978,-3978,-3979,-3980,-3981,-3981,-3982,-3983,-3984,-3985,-3985,-3986,-3987,-3988,-3988,-3989,-3990,-3991,-3992,-3992,-3993,-3994,-3995,-3995,-3996,-3997,-3998,-3999,-3999,-4000,-4001,-4002,-4002,-4003,-4004,-4005,-4006,-4006,-4007,-4008,-3996,-3997,-3997,-3998,-3986,-3987,-3987,-3988,-3976,-3977,-3978,-3978,-3979,-3980,-3981,-3982,-3982,-3983,-3984,-3985,-3985,-3986,-3987,-3988,-3989,-3989,-3990,-3991,-3992,-3992,-3993,-3994,-3995,-3996,-3996,-3997,-3998,-3986,-3987,-3988,-3988,-3989,-3990,-3978,-3966,-3967,-3968,-3969,-3970,-3970,-3971,-3972,-3973,-3973,-3974,-3975,-3976,-3977,-3977,-3978,-3979,-3980,-3980,-3970,-3971,-3972,-3960,-3961,-3962,-3962,-3951,-3952,-3940,-3941,-3942,-3931,-3932,-3933,-3934,-3934,-3935,-3936,-3937,-3937,-3938,-3939,-3940,-3941,-3941,-3930,-3918,-3919,-3920,-3920,-3921,-3910,-3910,-3911,-3912,-3913,-3914,-3914,-3915,-3916,-3917,-3917,-3918,-3919,-3920,-3921,-3911,-3912,-3912,-3913,-3914,-3915,-3915,-3916,-3917,-3918,-3919,-3919,-3920,-3910,-3911,-3912,-3912,-3913,-3914,-3915,-3916,-3905,-3906,-3906,-3907,-3908,-3909,-3909,-3910,-3911,-3900,-3901,-3901,-3902,-3893,-3882,-3871,-3859,-3860,-3861,-3862,-3863,-3863,-3852,-3842,-3831,-3832,-3832,-3821,-3811,-3800,-3801,-3802,-3803,-3803,-3792,-3793,-3782,-3783,-3771,-3760,-3761,-3762,-3762,-3751,-3752,-3753,-3753,-3754,-3755,-3756,-3757,-3757,-3758,-3747,-3748,-3749,-3737,-3738,-3739,-3728,-3729,-3729,-3718,-3719,-3720,-3721,-3721,-3711,-3700,-3689,-3689,-3690,-3679,-3680,-3681,-3681,-3682,-3683,-3684,-3685,-3685,-3686,-3687,-3688,-3688,-3689,-3690,-3679,-3680,-3681,-3670,-3670,-3671,-3672,-3673,-3673,-3662,-3652,-3641,-3641,-3630,-3631,-3632,-3633,-3634,-3634,-3635,-3625,-3625,-3626,-3615,-3616,-3617,-3617,-3618,-3607,-3608,-3597,-3598,-3599,-3588,-3589,-3589,-3590,-3591,-3592,-3593,-3593,-3594,-3595,-3584,-3585,-3586,-3586,-3575,-3576,-3577,-3578,-3570,-3571,-3567,-3556,-3557,-3557,-3558,-3547,-3536,-3526,-3515,-3515,-3516,-3505,-3506,-3495,-3485,-3485,-3475,-3475,-3476,-3477,-3478,-3467,-3468,-3469,-3469,-3470,-3459,-3460,-3461,-3462,-3451,-3452,-3441,-3442,-3443,-3444,-3433,-3434,-3435,-3424,-3414,-3414,-3404,-3405,-3394,-3384,-3384,-3385,-3375,-3376,-3376,-3377,-3367,-3356,-3357,-3347,-3336,-3326,-3316,-3305,-3306,-3296,-3285,-3286,-3287,-3288,-3289,-3289,-3290,-3280,-3281,-3270,-3271,-3272,-3262,-3263,-3263,-3253,-3254,-3255,-3256,-3256,-3257,-3258,-3248,-3238,-3239,-3228,-3229,-3219,-3220,-3221,-3222,-3222,-3212,-3213,-3214,-3215,-3205,-3206,-3196,-3186,-3186,-3187,-3188,-3189,-3179,-3180,-3170,-3160,-3150,-3140,-3141,-3142,-3143,-3133,-3123,-3124,-3114,-3115,-3116,-3117,-3107,-3108,-3108,-3099,-3089,-3079,-3070,-3060,-3050,-3041,-3031,-3022,-3012,-3013,-3014,-3004,-3005,-2995,-2996,-2987,-2977,-2968,-2958,-2949,-2949,-2940,-2941,-2931,-2922,-2923,-2923,-2924,-2925,-2926,-2916,-2907,-2908,-2898,-2899,-2900,-2891,-2891,-2882,-2883,-2874,-2864,-2865,-2856,-2857,-2783,-2784,-2778,-2773,-2774,-2775,-2770,-2765,-2765,-2766,-2767,-2768,-2763,-2758,-2759,-2754,-2749,-2750,-2744,-2745,-2740,-2741,-2736,-2737,-2732,-2727,-2722,-2723,-2724,-2725,-2720,-2721,-2722,-2723,-2723,-2719,-2714,-2708,-2703,-2698,-2693,-2694,-2695,-2696,-2690,-2691,-2692,-2693,-2688,-2682,-2677,-2672,-2673,-2674,-2675,-2675,-2670,-2665,-2660,-2661,-2662,-2657,-2657,-2658,-2653,-2649,-2650,-2645,-2645,-2640,-2641,-2642,-2643,-2644,-2639,-2634,-2629,-2630,-2631,-2626,-2621,-2616,-2612,-2613,-2608,-2602,-2603,-2598,-2599,-2594,-2590,-2590,-2591,-2592,-2588,-2589,-2590,-2585,-2580,-2575,-2576,-2571,-2572,-2573,-2568,-2569,-2569,-2564,-2565,-2560,-2555,-2556,-2551,-2546,-2541,-2536,-2531,-2526,-2522,-2516,-2511,-2512,-2507,-2502,-2497,-2492,-2487,-2488,-2483,-2484,-2479,-2474,-2469,-2466,-2466,-2467,-2463,-2458,-2453,-2449,-2444,-2439,-2434,-2429,-2424,-2419,-2419,-2420,-2415,-2411,-2407,-2402,-2397,-2392,-2392,-2393,-2388,-2389,-2384,-2384,-2379,-2380,-2381,-2376,-2377,-2377,-2372,-2367,-2362,-2358,-2353,-2354,-2355,-2350,-2345,-2340,-2336,-2336,-2331,-2332,-2327,-2322,-2323,-2318,-2313,-2314,-2310,-2311,-2306,-2307,-2302,-2297,-2292,-2287,-2287,-2283,-2278,-2278,-2273,-2268,-2269,-2265,-2266,-2261,-2256,-2252,-2247,-2242,-2243,-2238,-2238,-2239,-2240,-2241,-2236,-2237,-2232,-2227,-2222,-2217,-2212,-2207,-2202,-2197,-2198,-2193,-2189,-2184,-2185,-2180,-2175,-2176,-2171,-2172,-2167,-2163,-2158,-2153,-2148,-2144,-2140,-2135,-2135,-2131,-2126,-2127,-2122,-2117,-2118,-2119,-2119,-2120,-2115,-2116,-2111,-2112,-2113,-2108,-2104,-2104,-2099,-2095,-2090,-2085,-2080,-2075,-2070,-2065,-2066,-2061,-2062,-2063,-2063,-2064,-2059,-2054,-2049,-2045,-2040,-2035,-2030,-2025,-2020,-2015,-2010,-2011,-2011,-2007,-2002,-1996,-1991,-1986,-1987,-1982,-1977,-1972,-1967,-1962,-1956,-1957,-1958,-1956,-1956,-1952,-1947,-1942,-1937,-1932,-1927,-1922,-1917,-1917,-1918,-1913,-1914,-1915,-1910,-1905,-1905,-1906,-1901,-1896,-1891,-1886,-1881,-1876,-1871,-1866,-1861,-1857,-1852,-1847,-1847,-1843,-1838,-1839,-1834,-1829,-1824,-1819,-1814,-1810,-1805,-1800,-1795,-1790,-1791,-1787,-1787,-1783,-1778,-1779,-1774,-1769,-1765,-1760,-1755,-1751,-1751,-1747,-1742,-1738,-1733,-1728,-1724,-1725,-1720,-1716,-1711,-1707,-1702,-1698,-1693,-1689,-1684,-1685,-1680,-1676,-1672,-1667,-1668,-1663,-1659,-1655,-1655,-1651,-1647,-1642,-1638,-1634,-1629,-1625,-1626,-1622,-1617,-1613,-1609,-1605,-1600,-1528,-1528,-1528,-1528,-1528,-1528,-1528,-1528,-1528,-1528,-1528,-1528,-1528,-1528,-1528,-1528,-1528,-1528,-1528,-1528,-1508,-1488,-1468,-1448,-1428,-1408,-1388,-1368,-1348,-1328,-1308,-1288,-1268,-1249,-1229,-1209,-1189,-1169,-1149,-1129,-1110,-1090,-1070,-1050,-1030,-1011,-991,-971,-972,-952,-932,-913,-893,-873,-854,-834,-814,-795,-775,-755,-736,-716,-697,-677,-657,-638,-618,-599,-579,-560,-540,-521,-501,-502,-482,-463,-444,-424,-405,-385,-366,-346,-327,-308,-288,-269,-249,-230,-211,-191,-172,-153,-134,-114,-95,-76,-56,-37,-18,0
-3969,-3970,-3971,-3971,-3972,-3973,-3974,-3975,-3975,-3976,-3977,-3978,-3979,-3979,-3980,-3981,-3982,-3983,-3983,-3984,-3985,-3986,-3987,-3987,-3988,-3989,-3990,-3990,-3991,-3992,-3993,-3994,-3994,-3995,-3996,-3997,-3998,-3998,-3999,-4000,-4001,-4002,-4002,-4003,-4004,-4005,-4005,-4006,-4007,-4008,-4009,-4009,-4010,-4011,-4012,-4013,-4013,-4014,-4015,-4003,-4004,-4004,-4005,-3993,-3994,-3994,-3995,-3983,-3984,-3985,-3985,-3986,-3987,-3988,-3989,-3989,-3990,-3991,-3992,-3993,-3993,-3994,-3995,-3996,-3997,-3997,-3998,-3999,-4000,-4001,-4001,-4002,-4003,-4004,-4004,-4005,-3994,-3994,-3995,-3996,-3997,-3998,-3986,-3975,-3976,-3977,-3977,-3978,-3979,-3980,-3981,-3981,-3982,-3983,-3984,-3985,-3985,-3986,-3987,-3988,-3988,-3989,-3978,-3978,-3979,-3968,-3969,-3969,-3970,-3959,-3960,-3949,-3950,-3950,-3939,-3939,-3940,-3941,-3942,-3943,-3943,-3944,-3945,-3946,-3946,-3947,-3948,-3949,-3937,-3926,-3926,-3927,-3928,-3929,-3919,-3920,-3921,-3921,-3922,-3923,-3924,-3924,-3925,-3926,-3927,-3928,-3928,-3929,-3930,-3920,-3921,-3921,-3922,-3923,-3924,-3925,-3925,-3926,-3927,-3928,-3929,-3929,-3918,-3919,-3920,-3921,-3922,-3922,-3923,-3924,-3913,-3914,-3914,-3915,-3916,-3917,-3918,-3918,-3919,-3909,-3910,-3911,-3912,-3901,-3890,-3879,-3867,-3868,-3869,-3870,-3871,-3871,-3861,-3850,-3839,-3840,-3841,-3830,-3820,-3808,-3809,-3810,-3811,-3811,-3800,-3801,-3790,-3790,-3779,-3768,-3769,-3770,-3770,-3759,-3760,-3761,-3761,-3762,-3763,-3764,-3765,-3765,-3766,-3755,-3756,-3757,-3745,-3746,-3747,-3736,-3737,-3737,-3727,-3727,-3728,-3729,-3730,-3719,-3708,-3697,-3697,-3698,-3687,-3688,-3689,-3689,-3690,-3691,-3692,-3693,-3693,-3694,-3695,-3696,-3697,-3697,-3698,-3687,-3688,-3689,-3678,-3678,-3679,-3680,-3681,-3682,-3671,-3660,-3649,-3650,-3639,-3640,-3641,-3641,-3642,-3643,-3644,-3633,-3634,-3634,-3623,-3624,-3625,-3626,-3627,-3616,-3616,-3605,-3606,-3607,-3596,-3597,-3598,-3598,-3599,-3600,-3601,-3602,-3602,-3603,-3592,-3593,-3594,-3595,-3587,-3587,-3588,-3589,-3585,-3586,-3575,-3564,-3565,-3566,-3566,-3556,-3545,-3534,-3523,-3524,-3525,-3514,-3515,-3504,-3493,-3494,-3483,-3484,-3485,-3485,-3486,-3476,-3476,-3477,-3478,-3479,-3468,-3469,-3470,-3470,-3460,-3461,-3450,-3451,-3452,-3452,-3442,-3443,-3443,-3433,-3422,-3423,-3413,-3413,-3403,-3392,-3393,-3394,-3384,-3384,-3385,-3386,-3376,-3365,-3366,-3356,-3345,-3335,-3325,-3314,-3315,-3305,-3294,-3295,-3296,-3297,-3298,-3298,-3299,-3289,-3290,-3279,-3280,-3281,-3271,-3272,-3272,-3262,-3263,-3264,-3265,-3265,-3266,-3267,-3257,-3247,-3248,-3238,-3238,-3228,-3229,-3230,-3231,-3232,-3222,-3222,-3223,-3224,-3214,-3215,-3205,-3195,-3196,-3197,-3197,-3198,-3188,-3189,-3179,-3169,-3160,-3150,-3151,-3151,-3152,-3142,-3133,-3133,-3124,-3124,-3125,-3126,-3116,-3117,-3118,-3108,-3099,-3089,-3079,-3070,-3060,-3050,-3041,-3031,-3022,-3022,-3023,-3014,-3014,-3005,-3006,-2996,-2987,-2977,-2968,-2958,-2959,-2950,-2950,-2941,-2932,-2932,-2933,-2934,-2935,-2936,-2926,-2917,-2918,-2908,-2909,-2910,-2901,-2901,-2892,-2893,-2884,-2874,-2875,-2866,-2867,-2797,-2798,-2792,-2787,-2788,-2789,-2784,-2779,-2779,-2780,-2781,-2782,-2778,-2772,-2773,-2768,-2763,-2764,-2759,-2759,-2754,-2755,-2751,-2751,-2747,-2742,-2737,-2738,-2739,-2739,-2735,-2736,-2737,-2737,-2738,-2733,-2728,-2722,-2717,-2713,-2707,-2708,-2709,-2710,-2704,-2705,-2706,-2707,-2702,-2697,-2691,-2686,-2687,-2688,-2689,-2689,-2684,-2679,-2674,-2675,-2676,-2671,-2672,-2673,-2668,-2663,-2664,-2659,-2660,-2655,-2655,-2656,-2657,-2658,-2653,-2648,-2644,-2645,-2645,-2640,-2636,-2631,-2626,-2627,-2622,-2617,-2617,-2612,-2613,-2609,-2605,-2606,-2607,-2608,-2603,-2604,-2605,-2600,-2595,-2590,-2590,-2585,-2586,-2587,-2582,-2583,-2584,-2578,-2579,-2574,-2570,-2570,-2565,-2560,-2556,-2550,-2546,-2541,-2536,-2531,-2525,-2526,-2521,-2516,-2511,-2506,-2502,-2502,-2497,-2498,-2494,-2489,-2485,-2480,-2481,-2482,-2477,-2472,-2468,-2463,-2458,-2453,-2448,-2443,-2438,-2433,-2434,-2434,-2430,-2426,-2421,-2416,-2411,-2406,-2406,-2407,-2402,-2403,-2398,-2399,-2393,-2394,-2395,-2390,-2391,-2392,-2386,-2381,-2377,-2372,-2367,-2368,-2369,-2364,-2359,-2355,-2350,-2351,-2346,-2347,-2342,-2337,-2337,-2333,-2328,-2329,-2324,-2325,-2320,-2321,-2316,-2311,-2306,-2301,-2302,-2297,-2292,-2293,-2288,-2283,-2284,-2280,-2281,-2276,-2271,-2266,-2261,-2256,-2257,-2252,-2253,-2253,-2254,-2255,-2250,-2251,-2246,-2241,-2236,-2231,-2226,-2221,-2216,-2212,-2212,-2208,-2203,-2199,-2199,-2195,-2190,-2191,-2186,-2187,-2182,-2177,-2172,-2167,-2163,-2159,-2154,-2149,-2150,-2145,-2140,-2141,-2136,-2131,-2132,-2133,-2134,-2135,-2130,-2131,-2126,-2127,-2128,-2123,-2118,-2119,-2114,-2109,-2104,-2099,-2094,-2089,-2085,-2080,-2080,-2075,-2076,-2077,-2078,-2079,-2074,-2069,-2064,-2059,-2054,-2049,-2044,-2039,-2034,-2029,-2024,-2025,-2026,-2021,-2016,-2011,-2006,-2000,-2001,-1996,-1991,-1986,-1981,-1976,-1974,-1974,-1975,-1975,-1971,-1967,-1962,-1956,-1951,-1946,-1941,-1936,-1931,-1932,-1932,-1927,-1928,-1929,-1924,-1919,-1920,-1920,-1915,-1910,-1905,-1900,-1895,-1891,-1886,-1881,-1876,-1871,-1866,-1861,-1862,-1857,-1852,-1853,-1848,-1843,-1838,-1834,-1829,-1824,-1819,-1814,-1810,-1805,-1806,-1801,-1802,-1797,-1792,-1793,-1788,-1784,-1779,-1775,-1770,-1765,-1766,-1761,-1757,-1752,-1748,-1743,-1739,-1739,-1735,-1730,-1726,-1721,-1717,-1712,-1708,-1703,-1699,-1700,-1695,-1691,-1686,-1682,-1683,-1678,-1674,-1670,-1670,-1666,-1662,-1657,-1653,-1649,-1644,-1640,-1641,-1637,-1632,-1628,-1624,-1620,-1615,-1548,-1547,-1547,-1547,-1547,-1547,-1547,-1547,-1547,-1547,-1547,-1547,-1547,-1547,-1547,-1547,-1547,-1547,-1547,-1527,-1507,-1487,-1467,-1447,-1427,-1407,-1387,-1367,-1347,-1327,-1308,-1288,-1268,-1248,-1228,-1208,-1188,-1168,-1149,-1129,-1109,-1089,-1069,-1050,-1030,-1010,-990,-971,-971,-952,-932,-912,-893,-873,-853,-834,-814,-794,-775,-755,-735,-716,-696,-677,-657,-638,-618,-598,-579,-559,-540,-520,-501,-502,-482,-463,-443,-424,-404,-385,-366,-346,-327,-307,-288,-269,-249,-230,-211,-191,-172,-153,-133,-114,-95,-76,-56,-37,-18,0
-3976,-3976,-3977,-3978,-3979,-3980,-3980,-3981,-3982,-3983,-3984,-3984,-3985,-3986,-3987,-3988,-3988,-3989,-3990,-3991,-3992,-3992,-3993,-3994,-3995,-3996,-3996,-3997,-3998,-3999,-4000,-4000,-4001,-4002,-4003,-4004,-4004,-4005,-4006,-4007,-4008,-4008,-4009,-4010,-4011,-4012,-4012,-4013,-4014,-4015,-4016,-4016,-4017,-4018,-4019,-4020,-4020,-4021,-4022,-4010,-4011,-4011,-4012,-4000,-4001,-4002,-4002,-3990,-3991,-3992,-3993,-3994,-3994,-3995,-3996,-3997,-3998,-3998,-3999,-4000,-4001,-4002,-4002,-4003,-4004,-4005,-4006,-4006,-4007,-4008,-4009,-4010,-4010,-4011,-4012,-4013,-4001,-4002,-4002,-4003,-4004,-4005,-3994,-3982,-3983,-3984,-3985,-3986,-3986,-3987,-3988,-3989,-3990,-3990,-3991,-3992,-3993,-3994,-3994,-3995,-3996,-3997,-3985,-3986,-3987,-3976,-3976,-3977,-3978,-3967,-3968,-3956,-3957,-3958,-3946,-3947,-3948,-3948,-3949,-3950,-3951,-3952,-3952,-3953,-3954,-3955,-3956,-3956,-3945,-3935,-3936,-3937,-3937,-3938,-3928,-3929,-3929,-3930,-3931,-3932,-3933,-3933,-3934,-3935,-3936,-3937,-3937,-3938,-3939,-3928,-3929,-3930,-3930,-3931,-3932,-3933,-3934,-3934,-3935,-3936,-3937,-3938,-3926,-3927,-3928,-3929,-3930,-3930,-3931,-3932,-3922,-3923,-3924,-3925,-3925,-3926,-3927,-3928,-3929,-3918,-3919,-3919,-3920,-3909,-3898,-3887,-3876,-3877,-3878,-3879,-3880,-3880,-3869,-3858,-3848,-3849,-3849,-3839,-3827,-3816,-3817,-3818,-3819,-3819,-3808,-3809,-3798,-3798,-3787,-3776,-3777,-3777,-3778,-3767,-3768,-3769,-3769,-3770,-3771,-3772,-3773,-3773,-3774,-3763,-3764,-3765,-3753,-3754,-3755,-3744,-3745,-3746,-3735,-3736,-3736,-3737,-3738,-3727,-3716,-3705,-3706,-3706,-3695,-3696,-3697,-3698,-3698,-3699,-3700,-3701,-3702,-3702,-3703,-3704,-3705,-3706,-3706,-3695,-3696,-3697,-3686,-3687,-3688,-3688,-3689,-3690,-3679,-3668,-3657,-3658,-3647,-3648,-3649,-3650,-3650,-3651,-3652,-3641,-3642,-3643,-3632,-3632,-3633,-3634,-3635,-3624,-3625,-3614,-3614,-3615,-3604,-3605,-3606,-3607,-3607,-3608,-3609,-3610,-3611,-3611,-3603,-3604,-3605,-3606,-3602,-3603,-3604,-3604,-3593,-3594,-3583,-3572,-3573,-3574,-3575,-3564,-3553,-3542,-3531,-3532,-3533,-3522,-3523,-3512,-3501,-3502,-3492,-3492,-3493,-3494,-3495,-3484,-3485,-3486,-3486,-3487,-3477,-3477,-3478,-3479,-3468,-3469,-3459,-3459,-3460,-3461,-3450,-3451,-3452,-3442,-3431,-3432,-3421,-3422,-3412,-3401,-3402,-3403,-3392,-3393,-3394,-3395,-3384,-3374,-3375,-3364,-3354,-3344,-3333,-3323,-3324,-3314,-3303,-3304,-3305,-3306,-3307,-3307,-3308,-3298,-3299,-3288,-3289,-3290,-3280,-3281,-3282,-3271,-3272,-3273,-3274,-3275,-3275,-3276,-3266,-3256,-3257,-3247,-3248,-3238,-3238,-3239,-3240,-3241,-3231,-3232,-3232,-3233,-3223,-3224,-3214,-3204,-3205,-3206,-3207,-3207,-3198,-3198,-3189,-3179,-3169,-3159,-3160,-3161,-3162,-3152,-3142,-3143,-3133,-3134,-3135,-3136,-3126,-3127,-3127,-3118,-3108,-3098,-3089,-3079,-3070,-3060,-3050,-3041,-3031,-3032,-3033,-3023,-3024,-3015,-3015,-3006,-2996,-2987,-2977,-2968,-2969,-2959,-2960,-2951,-2941,-2942,-2943,-2944,-2945,-2945,-2936,-2927,-2927,-2918,-2919,-2920,-2910,-2911,-2902,-2903,-2894,-2884,-2885,-2876,-2877,-2811,-2812,-2807,-2801,-2802,-2803,-2798,-2794,-2794,-2795,-2796,-2797,-2792,-2786,-2787,-2782,-2777,-2778,-2773,-2773,-2769,-2770,-2765,-2766,-2761,-2756,-2752,-2753,-2753,-2754,-2749,-2750,-2750,-2751,-2752,-2747,-2742,-2736,-2732,-2726,-2721,-2722,-2723,-2724,-2718,-2719,-2720,-2721,-2716,-2711,-2705,-2700,-2701,-2702,-2703,-2704,-2698,-2694,-2689,-2690,-2690,-2686,-2687,-2687,-2682,-2677,-2678,-2673,-2674,-2669,-2670,-2671,-2672,-2673,-2668,-2663,-2658,-2659,-2659,-2655,-2650,-2645,-2640,-2641,-2636,-2631,-2632,-2627,-2628,-2625,-2620,-2621,-2621,-2622,-2617,-2618,-2619,-2614,-2609,-2604,-2605,-2600,-2600,-2601,-2596,-2597,-2598,-2593,-2593,-2589,-2584,-2585,-2579,-2575,-2570,-2565,-2560,-2555,-2550,-2545,-2539,-2540,-2535,-2530,-2525,-2521,-2516,-2517,-2512,-2513,-2508,-2504,-2499,-2495,-2496,-2497,-2492,-2487,-2482,-2477,-2472,-2467,-2462,-2457,-2452,-2447,-2448,-2449,-2445,-2440,-2435,-2430,-2425,-2420,-2421,-2421,-2416,-2417,-2412,-2413,-2408,-2408,-2409,-2404,-2405,-2406,-2401,-2396,-2391,-2387,-2382,-2382,-2383,-2378,-2374,-2369,-2364,-2365,-2360,-2361,-2356,-2351,-2352,-2348,-2343,-2343,-2338,-2339,-2334,-2335,-2330,-2325,-2320,-2315,-2316,-2311,-2306,-2307,-2302,-2298,-2299,-2294,-2295,-2290,-2285,-2280,-2275,-2270,-2271,-2266,-2267,-2268,-2268,-2269,-2264,-2265,-2260,-2255,-2250,-2245,-2240,-2236,-2231,-2227,-2227,-2223,-2218,-2213,-2214,-2209,-2204,-2205,-2200,-2201,-2196,-2192,-2187,-2182,-2178,-2173,-2169,-2164,-2165,-2160,-2155,-2156,-2151,-2146,-2147,-2147,-2148,-2149,-2144,-2145,-2140,-2141,-2142,-2137,-2132,-2133,-2128,-2123,-2119,-2114,-2109,-2104,-2099,-2094,-2095,-2090,-2090,-2091,-2092,-2093,-2088,-2083,-2078,-2073,-2068,-2063,-2058,-2053,-2048,-2043,-2038,-2039,-2040,-2035,-2030,-2025,-2020,-2015,-2015,-2010,-2005,-2000,-1995,-1993,-1993,-1993,-1994,-1990,-1986,-1981,-1976,-1970,-1965,-1960,-1955,-1950,-1945,-1946,-1946,-1941,-1942,-1943,-1938,-1933,-1934,-1935,-1930,-1925,-1920,-1915,-1910,-1905,-1900,-1895,-1890,-1885,-1880,-1875,-1876,-1871,-1866,-1867,-1862,-1858,-1853,-1848,-1843,-1838,-1834,-1829,-1824,-1819,-1820,-1815,-1816,-1812,-1807,-1808,-1803,-1798,-1794,-1789,-1784,-1780,-1781,-1776,-1771,-1767,-1762,-1758,-1753,-1754,-1749,-1745,-1740,-1736,-1731,-1727,-1722,-1718,-1714,-1714,-1710,-1706,-1701,-1697,-1697,-1693,-1689,-1684,-1685,-1681,-1677,-1672,-1668,-1664,-1659,-1655,-1656,-1652,-1647,-1643,-1639,-1635,-1630,-1567,-1567,-1567,-1567,-1567,-1567,-1567,-1567,-1567,-1567,-1566,-1566,-1566,-1566,-1566,-1566,-1566,-1566,-1546,-1526,-1506,-1486,-1466,-1446,-1426,-1406,-1387,-1367,-1347,-1327,-1307,-1287,-1267,-1247,-1227,-1208,-1188,-1168,-1148,-1128,-1108,-1089,-1069,-1049,-1029,-1010,-990,-970,-971,-951,-931,-912,-892,-872,-853,-833,-813,-794,-774,-755,-735,-715,-696,-676,-657,-637,-618,-598,-579,-559,-540,-520,-501,-501,-482,-463,-443,-424,-404,-385,-365,-346,-327,-307,-288,-269,-249,-230,-211,-191,-172,-153,-133,-114,-95,-76,-56,-37,-18,0
-3982,-3983,-3984,-3984,-3985,-3986,-3987,-3988,-3988,-3989,-3990,-3991,-3992,-3992,-3993,-3994,-3995,-3996,-3997,-3997,-3998,-3999,-4000,-4001,-4001,-4002,-4003,-4004,-4005,-4005,-4006,-4007,-4008,-4009,-4009,-4010,-4011,-4012,-4013,-4014,-4014,-4015,-4016,-4017,-4018,-4018,-4019,-4020,-4021,-4022,-4022,-4023,-4024,-4025,-4026,-4026,-4027,-4028,-4029,-4017,-4017,-4018,-4019,-4007,-4008,-4009,-4010,-3997,-3998,-3999,-4000,-4001,-4001,-4002,-4003,-4004,-4005,-4005,-4006,-4007,-4008,-4009,-4010,-4010,-4011,-4012,-4013,-4014,-4014,-4015,-4016,-4017,-4018,-4018,-4019,-4020,-4009,-4010,-4011,-4012,-4013,-4013,-4002,-3990,-3991,-3992,-3993,-3993,-3994,-3995,-3996,-3997,-3997,-3998,-3999,-4000,-4001,-4001,-4002,-4003,-4004,-4005,-3993,-3994,-3995,-3984,-3985,-3986,-3986,-3975,-3975,-3964,-3964,-3965,-3954,-3954,-3955,-3956,-3957,-3958,-3958,-3959,-3960,-3961,-3962,-3962,-3963,-3964,-3954,-3944,-3945,-3945,-3946,-3947,-3936,-3937,-3938,-3938,-3939,-3940,-3941,-3942,-3942,-3943,-3944,-3945,-3946,-3946,-3947,-3936,-3937,-3937,-3938,-3939,-3940,-3941,-3942,-3942,-3943,-3944,-3945,-3946,-3936,-3937,-3937,-3938,-3939,-3940,-3941,-3941,-3931,-3931,-3932,-3933,-3934,-3935,-3935,-3936,-3937,-3926,-3927,-3927,-3928,-3917,-3906,-3896,-3884,-3885,-3886,-3887,-3888,-3888,-3877,-3867,-3856,-3857,-3858,-3847,-3835,-3824,-3825,-3826,-3826,-3827,-3816,-3817,-3806,-3806,-3795,-3784,-3785,-3785,-3786,-3775,-3776,-3777,-3777,-3778,-3779,-3780,-3781,-3781,-3782,-3771,-3772,-3773,-3762,-3763,-3763,-3752,-3753,-3754,-3743,-3744,-3745,-3745,-3746,-3735,-3724,-3713,-3714,-3714,-3703,-3704,-3705,-3706,-3706,-3707,-3708,-3709,-3710,-3710,-3711,-3712,-3713,-3714,-3714,-3704,-3704,-3705,-3694,-3695,-3696,-3697,-3697,-3698,-3687,-3677,-3666,-3666,-3655,-3656,-3657,-3658,-3659,-3659,-3660,-3649,-3650,-3651,-3640,-3641,-3641,-3642,-3643,-3632,-3633,-3622,-3623,-3623,-3615,-3616,-3617,-3618,-3619,-3619,-3620,-3621,-3622,-3623,-3619,-3620,-3620,-3621,-3610,-3611,-3612,-3613,-3602,-3603,-3592,-3581,-3582,-3582,-3583,-3572,-3561,-3551,-3540,-3541,-3541,-3531,-3531,-3521,-3510,-3511,-3500,-3501,-3502,-3502,-3503,-3493,-3493,-3494,-3495,-3496,-3485,-3486,-3487,-3488,-3477,-3478,-3467,-3468,-3469,-3470,-3459,-3460,-3461,-3450,-3440,-3441,-3430,-3431,-3420,-3410,-3411,-3412,-3401,-3402,-3403,-3404,-3393,-3383,-3384,-3373,-3363,-3353,-3342,-3332,-3333,-3322,-3312,-3313,-3314,-3315,-3315,-3316,-3317,-3307,-3308,-3297,-3298,-3299,-3289,-3290,-3291,-3280,-3281,-3282,-3283,-3284,-3284,-3285,-3275,-3265,-3266,-3256,-3257,-3247,-3248,-3248,-3249,-3250,-3240,-3241,-3242,-3242,-3233,-3233,-3223,-3214,-3214,-3215,-3216,-3217,-3207,-3208,-3198,-3188,-3178,-3169,-3169,-3170,-3171,-3161,-3152,-3152,-3143,-3143,-3144,-3145,-3135,-3136,-3137,-3127,-3118,-3108,-3098,-3089,-3079,-3070,-3060,-3050,-3041,-3042,-3043,-3033,-3034,-3024,-3025,-3016,-3006,-2997,-2987,-2978,-2979,-2969,-2970,-2961,-2951,-2952,-2953,-2954,-2954,-2955,-2946,-2937,-2937,-2928,-2929,-2930,-2920,-2921,-2912,-2913,-2903,-2894,-2895,-2886,-2887,-2825,-2826,-2821,-2815,-2816,-2817,-2813,-2808,-2808,-2809,-2810,-2811,-2806,-2800,-2801,-2796,-2791,-2792,-2787,-2788,-2783,-2784,-2779,-2780,-2776,-2771,-2766,-2766,-2767,-2768,-2763,-2764,-2764,-2765,-2766,-2761,-2756,-2751,-2746,-2740,-2735,-2736,-2737,-2738,-2732,-2733,-2734,-2735,-2730,-2725,-2720,-2714,-2715,-2716,-2717,-2718,-2713,-2708,-2703,-2704,-2705,-2700,-2701,-2702,-2696,-2691,-2692,-2688,-2688,-2683,-2684,-2685,-2686,-2687,-2682,-2677,-2672,-2673,-2674,-2669,-2664,-2659,-2654,-2655,-2650,-2646,-2646,-2643,-2644,-2639,-2634,-2635,-2636,-2636,-2631,-2632,-2633,-2628,-2623,-2618,-2619,-2614,-2614,-2615,-2610,-2611,-2612,-2607,-2608,-2603,-2598,-2599,-2594,-2589,-2584,-2579,-2574,-2569,-2564,-2559,-2554,-2554,-2549,-2544,-2540,-2535,-2530,-2531,-2526,-2527,-2523,-2519,-2514,-2509,-2510,-2511,-2506,-2501,-2496,-2491,-2486,-2481,-2476,-2471,-2467,-2463,-2464,-2465,-2459,-2454,-2449,-2444,-2439,-2434,-2435,-2435,-2430,-2431,-2426,-2427,-2422,-2422,-2423,-2418,-2419,-2420,-2416,-2411,-2406,-2401,-2396,-2397,-2398,-2393,-2388,-2383,-2378,-2379,-2374,-2375,-2370,-2366,-2367,-2362,-2357,-2358,-2353,-2353,-2348,-2349,-2344,-2339,-2334,-2329,-2330,-2325,-2321,-2322,-2317,-2312,-2313,-2309,-2310,-2305,-2300,-2295,-2289,-2284,-2285,-2280,-2281,-2282,-2283,-2284,-2279,-2279,-2274,-2269,-2264,-2259,-2255,-2250,-2246,-2241,-2242,-2237,-2232,-2227,-2228,-2223,-2219,-2219,-2215,-2215,-2211,-2206,-2202,-2197,-2192,-2188,-2183,-2178,-2179,-2174,-2169,-2170,-2165,-2160,-2161,-2162,-2163,-2164,-2159,-2160,-2155,-2155,-2156,-2151,-2146,-2147,-2142,-2138,-2133,-2128,-2123,-2118,-2113,-2108,-2109,-2104,-2105,-2105,-2106,-2107,-2102,-2097,-2092,-2087,-2082,-2078,-2073,-2068,-2063,-2058,-2052,-2053,-2054,-2049,-2044,-2039,-2034,-2029,-2029,-2024,-2019,-2014,-2012,-2012,-2008,-2008,-2009,-2005,-2000,-1995,-1990,-1985,-1979,-1974,-1969,-1964,-1959,-1960,-1961,-1956,-1956,-1957,-1952,-1947,-1948,-1949,-1944,-1939,-1934,-1929,-1924,-1919,-1914,-1909,-1904,-1899,-1895,-1890,-1890,-1886,-1881,-1882,-1877,-1872,-1867,-1862,-1858,-1853,-1848,-1843,-1839,-1834,-1835,-1830,-1831,-1826,-1821,-1822,-1818,-1813,-1808,-1804,-1799,-1794,-1795,-1791,-1786,-1781,-1777,-1772,-1768,-1769,-1764,-1760,-1755,-1751,-1746,-1742,-1737,-1733,-1728,-1729,-1725,-1720,-1716,-1711,-1712,-1708,-1704,-1699,-1700,-1696,-1691,-1687,-1683,-1678,-1674,-1670,-1671,-1667,-1662,-1658,-1654,-1650,-1645,-1586,-1586,-1586,-1586,-1586,-1586,-1586,-1586,-1586,-1586,-1586,-1586,-1586,-1586,-1586,-1586,-1586,-1566,-1546,-1526,-1506,-1486,-1466,-1446,-1426,-1406,-1386,-1366,-1346,-1326,-1306,-1286,-1266,-1247,-1227,-1207,-1187,-1167,-1147,-1128,-1108,-1088,-1068,-1049,-1029,-1009,-989,-970,-970,-951,-931,-911,-892,-872,-852,-833,-813,-793,-774,-754,-735,-715,-695,-676,-656,-637,-617,-598,-578,-559,-539,-520,-500,-501,-482,-462,-443,-423,-404,-385,-365,-346,-326,-307,-288,-268,-249,-230,-210,-191,-172,-153,-133,-114,-95,-76,-56,-37,-18,0
-3988,-3989,-3990,-3991,-3992,-3992,-3993,-3994,-3995,-3996,-3996,-3997,-3998,-3999,-4000,-4001,-4001,-4002,-4003,-4004,-4005,-4006,-4006,-4007,-4008,-4009,-4010,-4010,-4011,-4012,-4013,-4014,-4015,-4015,-4016,-4017,-4018,-4019,-4019,-4020,-4021,-4022,-4023,-4024,-4024,-4025,-4026,-4027,-4028,-4028,-4029,-4030,-4031,-4032,-4033,-4033,-4034,-4035,-4036,-4024,-4025,-4025,-4026,-4014,-4015,-4016,-4017,-4006,-4006,-4007,-4008,-4009,-4010,-4011,-4011,-4012,-4013,-4014,-4015,-4015,-4016,-4017,-4018,-4019,-4020,-4020,-4021,-4022,-4023,-4024,-4024,-4025,-4026,-4027,-4028,-4029,-4017,-4018,-4018,-4019,-4020,-4021,-4009,-3998,-3998,-3999,-4000,-4001,-4002,-4003,-4003,-4004,-4005,-4006,-4007,-4007,-4008,-4009,-4010,-4011,-4012,-4012,-4002,-4002,-4003,-3991,-3992,-3993,-3994,-3982,-3983,-3971,-3972,-3973,-3963,-3963,-3964,-3965,-3966,-3967,-3968,-3968,-3969,-3970,-3971,-3972,-3973,-3973,-3963,-3952,-3953,-3953,-3954,-3955,-3944,-3944,-3945,-3946,-3947,-3948,-3948,-3949,-3950,-3951,-3952,-3953,-3953,-3954,-3955,-3945,-3946,-3947,-3948,-3948,-3949,-3950,-3951,-3952,-3952,-3953,-3954,-3955,-3944,-3945,-3946,-3946,-3947,-3948,-3949,-3950,-3938,-3939,-3940,-3941,-3942,-3942,-3943,-3944,-3945,-3934,-3935,-3935,-3936,-3925,-3915,-3903,-3892,-3893,-3894,-3895,-3896,-3897,-3886,-3875,-3864,-3865,-3866,-3855,-3843,-3832,-3833,-3834,-3834,-3835,-3824,-3825,-3813,-3814,-3803,-3792,-3792,-3793,-3794,-3783,-3784,-3784,-3785,-3786,-3787,-3788,-3789,-3789,-3790,-3779,-3780,-3781,-3770,-3771,-3772,-3761,-3761,-3762,-3751,-3752,-3753,-3753,-3754,-3743,-3732,-3721,-3722,-3722,-3711,-3712,-3713,-3714,-3715,-3715,-3716,-3717,-3718,-3719,-3719,-3720,-3721,-3722,-3723,-3712,-3713,-3713,-3702,-3703,-3704,-3705,-3706,-3706,-3696,-3685,-3674,-3674,-3663,-3664,-3665,-3666,-3667,-3668,-3668,-3657,-3658,-3659,-3648,-3649,-3650,-3650,-3651,-3640,-3641,-3633,-3634,-3635,-3631,-3631,-3632,-3633,-3634,-3635,-3635,-3636,-3637,-3638,-3627,-3628,-3629,-3629,-3618,-3619,-3620,-3621,-3610,-3611,-3600,-3589,-3590,-3591,-3591,-3581,-3570,-3559,-3548,-3549,-3550,-3539,-3540,-3529,-3518,-3519,-3508,-3509,-3510,-3511,-3512,-3501,-3502,-3503,-3504,-3504,-3494,-3495,-3495,-3496,-3486,-3486,-3476,-3477,-3477,-3478,-3468,-3469,-3469,-3459,-3448,-3449,-3439,-3440,-3429,-3419,-3419,-3420,-3410,-3411,-3412,-3412,-3402,-3392,-3392,-3382,-3372,-3361,-3351,-3341,-3342,-3331,-3321,-3322,-3323,-3324,-3324,-3325,-3326,-3316,-3317,-3306,-3307,-3308,-3298,-3299,-3300,-3289,-3290,-3291,-3292,-3293,-3294,-3294,-3284,-3274,-3275,-3265,-3266,-3256,-3257,-3258,-3258,-3259,-3249,-3250,-3251,-3252,-3242,-3243,-3233,-3223,-3224,-3225,-3225,-3226,-3216,-3217,-3207,-3198,-3188,-3178,-3179,-3180,-3180,-3171,-3161,-3162,-3152,-3153,-3154,-3155,-3145,-3146,-3146,-3137,-3127,-3118,-3108,-3098,-3089,-3079,-3070,-3060,-3051,-3051,-3052,-3043,-3043,-3034,-3035,-3025,-3016,-3006,-2997,-2988,-2988,-2979,-2980,-2970,-2961,-2962,-2963,-2963,-2964,-2965,-2956,-2946,-2947,-2938,-2939,-2940,-2930,-2931,-2922,-2923,-2913,-2904,-2905,-2896,-2897,-2839,-2840,-2835,-2830,-2831,-2832,-2827,-2822,-2822,-2823,-2824,-2825,-2820,-2815,-2815,-2810,-2806,-2807,-2802,-2802,-2798,-2798,-2794,-2795,-2790,-2785,-2780,-2780,-2781,-2782,-2777,-2778,-2778,-2779,-2780,-2775,-2770,-2765,-2760,-2754,-2749,-2750,-2751,-2752,-2747,-2747,-2748,-2749,-2744,-2739,-2734,-2729,-2729,-2730,-2731,-2732,-2727,-2722,-2717,-2718,-2719,-2714,-2715,-2716,-2711,-2706,-2707,-2702,-2703,-2698,-2699,-2700,-2700,-2701,-2696,-2692,-2687,-2688,-2689,-2684,-2678,-2673,-2668,-2669,-2665,-2661,-2662,-2657,-2658,-2653,-2648,-2649,-2650,-2651,-2646,-2646,-2647,-2642,-2637,-2632,-2633,-2628,-2629,-2629,-2625,-2626,-2626,-2621,-2622,-2617,-2612,-2613,-2608,-2603,-2598,-2593,-2588,-2583,-2578,-2573,-2568,-2569,-2564,-2559,-2554,-2549,-2544,-2545,-2542,-2542,-2538,-2533,-2528,-2524,-2525,-2526,-2521,-2516,-2511,-2506,-2501,-2495,-2490,-2486,-2482,-2477,-2478,-2479,-2473,-2468,-2463,-2458,-2453,-2448,-2449,-2449,-2444,-2445,-2440,-2441,-2436,-2436,-2437,-2433,-2434,-2435,-2430,-2425,-2420,-2415,-2411,-2412,-2412,-2407,-2402,-2398,-2393,-2393,-2388,-2389,-2385,-2380,-2381,-2376,-2371,-2372,-2367,-2368,-2363,-2363,-2358,-2353,-2348,-2343,-2344,-2340,-2336,-2337,-2332,-2327,-2328,-2323,-2324,-2319,-2314,-2309,-2304,-2299,-2299,-2294,-2295,-2296,-2297,-2298,-2293,-2294,-2289,-2284,-2279,-2274,-2269,-2265,-2260,-2255,-2256,-2251,-2247,-2242,-2243,-2238,-2233,-2234,-2229,-2230,-2225,-2221,-2216,-2211,-2207,-2202,-2197,-2192,-2193,-2188,-2183,-2184,-2180,-2175,-2175,-2176,-2177,-2178,-2173,-2174,-2169,-2170,-2171,-2166,-2161,-2162,-2157,-2152,-2147,-2142,-2137,-2132,-2127,-2122,-2123,-2118,-2119,-2120,-2120,-2121,-2117,-2112,-2107,-2102,-2097,-2092,-2087,-2082,-2077,-2072,-2067,-2067,-2068,-2063,-2058,-2053,-2048,-2043,-2044,-2038,-2033,-2031,-2031,-2027,-2023,-2023,-2024,-2019,-2014,-2009,-2004,-1999,-1993,-1988,-1983,-1978,-1973,-1974,-1975,-1970,-1971,-1971,-1966,-1961,-1962,-1963,-1958,-1953,-1948,-1943,-1938,-1933,-1928,-1923,-1919,-1914,-1909,-1904,-1905,-1900,-1895,-1896,-1891,-1886,-1882,-1877,-1872,-1867,-1863,-1858,-1853,-1848,-1849,-1844,-1845,-1841,-1836,-1837,-1832,-1827,-1823,-1818,-1814,-1809,-1810,-1805,-1801,-1796,-1792,-1787,-1782,-1783,-1779,-1774,-1770,-1765,-1761,-1756,-1752,-1747,-1743,-1744,-1739,-1735,-1731,-1726,-1727,-1723,-1718,-1714,-1715,-1711,-1706,-1702,-1698,-1693,-1689,-1685,-1686,-1681,-1677,-1673,-1669,-1665,-1660,-1605,-1605,-1605,-1605,-1605,-1605,-1605,-1605,-1605,-1605,-1605,-1605,-1605,-1605,-1605,-1605,-1585,-1565,-1545,-1525,-1505,-1485,-1465,-1445,-1425,-1405,-1385,-1365,-1345,-1325,-1305,-1286,-1266,-1246,-1226,-1206,-1186,-1167,-1147,-1127,-1107,-1087,-1068,-1048,-1028,-1008,-989,-969,-970,-950,-930,-911,-891,-872,-852,-832,-813,-793,-773,-754,-734,-715,-695,-676,-656,-636,-617,-597,-578,-558,-539,-520,-500,-501,-481,-462,-443,-423,-404,-384,-365,-346,-326,-307,-288,-268,-249,-230,-210,-191,-172,-152,-133,-114,-95,-76,-56,-37,-18,0
-3995,-3996,-3997,-3997,-3998,-3999,-4000,-4001,-4002,-4002,-4003,-4004,-4005,-4006,-4007,-4007,-4008,-4009,-4010,-4011,-4011,-4012,-4013,-4014,-4015,-4016,-4016,-4017,-4018,-4019,-4020,-4021,-4021,-4022,-4023,-4024,-4025,-4026,-4026,-4027,-4028,-4029,-4030,-4031,-4031,-4032,-4033,-4034,-4035,-4036,-4036,-4037,-4038,-4039,-4040,-4041,-4041,-4042,-4043,-4031,-4032,-4032,-4033,-4022,-4023,-4024,-4025,-4013,-4014,-4014,-4015,-4016,-4017,-4018,-4018,-4019,-4020,-4021,-4022,-4023,-4023,-4024,-4025,-4026,-4027,-4028,-4028,-4029,-4030,-4031,-4032,-4033,-4033,-4034,-4035,-4036,-4024,-4025,-4026,-4027,-4028,-4028,-4017,-4006,-4007,-4007,-4008,-4009,-4010,-4011,-4012,-4012,-4013,-4014,-4015,-4016,-4017,-4017,-4018,-4019,-4020,-4021,-4009,-4010,-4010,-3999,-4000,-4000,-4001,-3989,-3990,-3980,-3981,-3982,-3971,-3972,-3973,-3974,-3975,-3976,-3976,-3977,-3978,-3979,-3980,-3981,-3981,-3982,-3971,-3959,-3960,-3961,-3962,-3963,-3953,-3953,-3954,-3955,-3956,-3957,-3958,-3958,-3959,-3960,-3961,-3962,-3963,-3963,-3964,-3953,-3954,-3955,-3956,-3956,-3957,-3958,-3959,-3960,-3961,-3961,-3962,-3963,-3952,-3953,-3953,-3954,-3955,-3956,-3957,-3958,-3946,-3947,-3948,-3949,-3950,-3950,-3951,-3952,-3953,-3942,-3942,-3943,-3944,-3934,-3923,-3912,-3901,-3902,-3903,-3904,-3905,-3905,-3895,-3883,-3872,-3873,-3874,-3862,-3851,-3840,-3841,-3841,-3842,-3843,-3832,-3833,-3821,-3822,-3811,-3800,-3800,-3801,-3802,-3791,-3792,-3793,-3794,-3794,-3795,-3796,-3797,-3798,-3799,-3787,-3788,-3789,-3778,-3779,-3780,-3768,-3769,-3770,-3759,-3760,-3761,-3761,-3762,-3751,-3740,-3729,-3730,-3730,-3719,-3720,-3721,-3722,-3723,-3723,-3724,-3725,-3726,-3727,-3728,-3728,-3729,-3730,-3731,-3720,-3721,-3721,-3711,-3712,-3712,-3713,-3714,-3715,-3704,-3693,-3682,-3683,-3672,-3672,-3673,-3674,-3675,-3676,-3677,-3665,-3666,-3667,-3656,-3657,-3658,-3659,-3659,-3651,-3652,-3648,-3649,-3650,-3639,-3639,-3640,-3641,-3642,-3643,-3644,-3644,-3645,-3646,-3635,-3636,-3637,-3638,-3627,-3627,-3628,-3629,-3618,-3619,-3608,-3597,-3598,-3599,-3600,-3589,-3578,-3567,-3557,-3557,-3558,-3547,-3548,-3538,-3527,-3528,-3517,-3518,-3519,-3519,-3520,-3510,-3510,-3511,-3512,-3513,-3502,-3503,-3504,-3505,-3494,-3495,-3484,-3485,-3486,-3487,-3476,-3477,-3478,-3468,-3457,-3458,-3447,-3448,-3438,-3427,-3428,-3429,-3419,-3420,-3420,-3421,-3411,-3400,-3401,-3391,-3381,-3370,-3360,-3350,-3351,-3340,-3330,-3331,-3332,-3333,-3333,-3334,-3335,-3325,-3326,-3315,-3316,-3317,-3307,-3308,-3309,-3299,-3299,-3300,-3301,-3302,-3303,-3304,-3293,-3283,-3284,-3274,-3275,-3265,-3266,-3267,-3268,-3268,-3259,-3259,-3260,-3261,-3251,-3252,-3242,-3232,-3233,-3234,-3235,-3235,-3226,-3227,-3217,-3207,-3197,-3187,-3188,-3189,-3190,-3180,-3170,-3171,-3162,-3162,-3163,-3164,-3154,-3155,-3156,-3146,-3137,-3127,-3118,-3108,-3098,-3089,-3079,-3070,-3060,-3061,-3062,-3052,-3053,-3044,-3044,-3035,-3026,-3016,-3007,-2997,-2998,-2989,-2989,-2980,-2971,-2972,-2972,-2973,-2974,-2975,-2966,-2956,-2957,-2948,-2949,-2949,-2940,-2941,-2932,-2933,-2923,-2914,-2915,-2906,-2907,-2853,-2854,-2849,-2844,-2845,-2846,-2841,-2836,-2836,-2837,-2838,-2839,-2834,-2828,-2829,-2825,-2820,-2821,-2816,-2817,-2812,-2813,-2808,-2809,-2804,-2799,-2793,-2794,-2795,-2796,-2791,-2791,-2792,-2793,-2794,-2789,-2784,-2779,-2773,-2768,-2763,-2764,-2765,-2766,-2760,-2761,-2762,-2763,-2758,-2753,-2748,-2743,-2744,-2745,-2745,-2746,-2742,-2737,-2732,-2732,-2733,-2728,-2729,-2730,-2725,-2720,-2721,-2716,-2717,-2712,-2713,-2714,-2715,-2715,-2711,-2706,-2701,-2702,-2703,-2698,-2693,-2688,-2683,-2684,-2680,-2676,-2677,-2672,-2672,-2667,-2662,-2663,-2664,-2665,-2660,-2660,-2661,-2656,-2651,-2646,-2647,-2642,-2643,-2644,-2639,-2640,-2640,-2635,-2636,-2631,-2626,-2627,-2622,-2618,-2612,-2607,-2602,-2597,-2592,-2587,-2582,-2583,-2578,-2573,-2569,-2564,-2560,-2561,-2556,-2557,-2553,-2548,-2543,-2538,-2539,-2540,-2535,-2530,-2525,-2520,-2515,-2510,-2505,-2501,-2496,-2491,-2492,-2493,-2488,-2482,-2477,-2472,-2467,-2462,-2463,-2463,-2458,-2459,-2454,-2455,-2451,-2451,-2452,-2447,-2448,-2449,-2444,-2439,-2434,-2430,-2425,-2426,-2427,-2422,-2417,-2412,-2407,-2408,-2403,-2404,-2399,-2394,-2395,-2390,-2385,-2386,-2381,-2382,-2377,-2378,-2373,-2368,-2363,-2358,-2359,-2355,-2350,-2351,-2346,-2341,-2342,-2337,-2338,-2333,-2328,-2323,-2318,-2313,-2314,-2309,-2309,-2310,-2311,-2312,-2307,-2308,-2303,-2298,-2293,-2288,-2284,-2279,-2275,-2270,-2271,-2266,-2261,-2256,-2257,-2252,-2247,-2248,-2243,-2244,-2240,-2235,-2231,-2226,-2221,-2216,-2211,-2207,-2207,-2202,-2198,-2199,-2194,-2189,-2190,-2190,-2191,-2192,-2187,-2188,-2183,-2184,-2185,-2180,-2175,-2176,-2171,-2166,-2161,-2156,-2151,-2146,-2141,-2136,-2137,-2132,-2133,-2134,-2135,-2136,-2131,-2126,-2121,-2116,-2111,-2106,-2101,-2096,-2091,-2086,-2081,-2081,-2082,-2077,-2072,-2067,-2062,-2057,-2058,-2052,-2050,-2050,-2046,-2042,-2037,-2037,-2038,-2033,-2028,-2023,-2018,-2013,-2008,-2002,-1997,-1992,-1987,-1988,-1989,-1984,-1985,-1986,-1981,-1976,-1976,-1977,-1972,-1967,-1962,-1957,-1952,-1948,-1943,-1938,-1933,-1928,-1923,-1918,-1919,-1914,-1909,-1910,-1906,-1901,-1896,-1891,-1886,-1882,-1877,-1872,-1867,-1863,-1864,-1859,-1860,-1855,-1850,-1851,-1847,-1842,-1837,-1833,-1828,-1824,-1824,-1820,-1815,-1811,-1806,-1802,-1797,-1798,-1793,-1789,-1784,-1780,-1776,-1771,-1767,-1762,-1758,-1759,-1754,-1750,-1745,-1741,-1742,-1738,-1733,-1729,-1730,-1725,-1721,-1717,-1713,-1708,-1704,-1700,-1701,-1696,-1692,-1688,-1684,-1680,-1675,-1624,-1624,-1624,-1624,-1624,-1624,-1624,-1624,-1624,-1624,-1624,-1624,-1624,-1624,-1624,-1604,-1584,-1564,-1544,-1524,-1504,-1484,-1464,-1444,-1424,-1404,-1384,-1364,-1345,-1325,-1305,-1285,-1265,-1245,-1225,-1206,-1186,-1166,-1146,-1126,-1107,-1087,-1067,-1047,-1028,-1008,-988,-969,-969,-950,-930,-910,-891,-871,-851,-832,-812,-793,-773,-753,-734,-714,-695,-675,-656,-636,-617,-597,-578,-558,-539,-519,-500,-501,-481,-462,-442,-423,-404,-384,-365,-345,-326,-307,-287,-268,-249,-229,-210,-191,-172,-152,-133,-114,-95,-75,-56,-37,-18,0
-4001,-4002,-4003,-4004,-4005,-4005,-4006,-4007,-4008,-4009,-4010,-4010,-4011,-4012,-4013,-4014,-4015,-4015,-4016,-4017,-4018,-4019,-4020,-4021,-4021,-4022,-4023,-4024,-4025,-4026,-4026,-4027,-4028,-4029,-4030,-4031,-4031,-4032,-4033,-4034,-4035,-4036,-4036,-4037,-4038,-4039,-4040,-4041,-4042,-4042,-4043,-4044,-4045,-4046,-4047,-4047,-4048,-4049,-4050,-4039,-4040,-4041,-4041,-4029,-4030,-4031,-4032,-4020,-4021,-4022,-4022,-4023,-4024,-4025,-4026,-4027,-4027,-4028,-4029,-4030,-4031,-4032,-4033,-4033,-4034,-4035,-4036,-4037,-4038,-4038,-4039,-4040,-4041,-4042,-4043,-4043,-4032,-4033,-4033,-4034,-4035,-4036,-4025,-4013,-4014,-4015,-4015,-4016,-4017,-4018,-4019,-4020,-4020,-4021,-4022,-4023,-4024,-4025,-4025,-4026,-4027,-4028,-4016,-4017,-4018,-4006,-4007,-4008,-4009,-3999,-3999,-3989,-3990,-3991,-3979,-3980,-3981,-3982,-3983,-3983,-3984,-3985,-3986,-3987,-3988,-3988,-3989,-3990,-3979,-3968,-3969,-3970,-3971,-3972,-3961,-3961,-3962,-3963,-3964,-3965,-3966,-3966,-3967,-3968,-3969,-3970,-3971,-3971,-3972,-3961,-3962,-3963,-3963,-3964,-3965,-3966,-3967,-3968,-3968,-3969,-3970,-3971,-3960,-3960,-3961,-3962,-3963,-3964,-3965,-3965,-3954,-3955,-3956,-3957,-3957,-3958,-3959,-3960,-3961,-3951,-3951,-3952,-3953,-3942,-3931,-3920,-3910,-3910,-3911,-3912,-3913,-3914,-3903,-3891,-3880,-3881,-3882,-3870,-3859,-3848,-3848,-3849,-3850,-3851,-3840,-3840,-3829,-3830,-3819,-3808,-3809,-3809,-3810,-3799,-3800,-3801,-3802,-3802,-3803,-3804,-3805,-3806,-3807,-3796,-3796,-3797,-3786,-3787,-3788,-3776,-3777,-3778,-3767,-3768,-3769,-3769,-3770,-3759,-3748,-3737,-3738,-3738,-3727,-3728,-3729,-3730,-3731,-3731,-3732,-3733,-3734,-3735,-3736,-3736,-3737,-3738,-3739,-3728,-3729,-3730,-3719,-3720,-3721,-3721,-3722,-3723,-3712,-3701,-3690,-3691,-3680,-3680,-3681,-3682,-3683,-3684,-3685,-3674,-3674,-3675,-3667,-3668,-3669,-3670,-3670,-3666,-3667,-3656,-3657,-3658,-3647,-3648,-3648,-3649,-3650,-3651,-3652,-3653,-3653,-3654,-3643,-3644,-3645,-3646,-3635,-3636,-3637,-3637,-3627,-3627,-3616,-3606,-3606,-3607,-3608,-3597,-3587,-3576,-3565,-3566,-3567,-3556,-3557,-3546,-3535,-3536,-3525,-3526,-3527,-3528,-3529,-3518,-3519,-3520,-3521,-3521,-3511,-3512,-3512,-3513,-3503,-3504,-3493,-3494,-3495,-3496,-3485,-3486,-3487,-3476,-3466,-3467,-3456,-3457,-3447,-3436,-3437,-3438,-3427,-3428,-3429,-3430,-3420,-3409,-3410,-3400,-3389,-3379,-3369,-3359,-3359,-3349,-3339,-3340,-3341,-3341,-3342,-3343,-3344,-3334,-3335,-3324,-3325,-3326,-3316,-3317,-3318,-3308,-3308,-3309,-3310,-3311,-3312,-3313,-3303,-3293,-3293,-3283,-3284,-3274,-3275,-3276,-3277,-3278,-3268,-3269,-3269,-3270,-3260,-3261,-3251,-3241,-3242,-3243,-3244,-3245,-3235,-3236,-3226,-3216,-3207,-3197,-3198,-3198,-3199,-3190,-3180,-3181,-3171,-3172,-3173,-3174,-3164,-3165,-3166,-3156,-3146,-3137,-3127,-3118,-3108,-3098,-3089,-3079,-3070,-3071,-3071,-3062,-3063,-3053,-3054,-3045,-3035,-3026,-3016,-3007,-3008,-2998,-2999,-2990,-2981,-2981,-2982,-2983,-2984,-2985,-2975,-2966,-2967,-2958,-2959,-2959,-2950,-2951,-2942,-2943,-2933,-2924,-2925,-2916,-2917,-2868,-2869,-2863,-2858,-2859,-2860,-2855,-2849,-2850,-2851,-2852,-2853,-2848,-2843,-2844,-2839,-2834,-2835,-2831,-2831,-2827,-2828,-2822,-2823,-2818,-2813,-2807,-2808,-2809,-2810,-2805,-2806,-2807,-2808,-2808,-2803,-2798,-2793,-2788,-2782,-2777,-2778,-2779,-2780,-2775,-2775,-2776,-2777,-2772,-2767,-2762,-2757,-2758,-2759,-2760,-2761,-2756,-2751,-2746,-2746,-2747,-2743,-2744,-2744,-2739,-2735,-2736,-2730,-2731,-2727,-2727,-2728,-2729,-2730,-2725,-2720,-2715,-2716,-2717,-2712,-2707,-2702,-2699,-2700,-2695,-2690,-2691,-2686,-2686,-2681,-2676,-2677,-2678,-2679,-2674,-2675,-2675,-2670,-2665,-2661,-2661,-2656,-2657,-2658,-2653,-2654,-2655,-2650,-2651,-2646,-2641,-2642,-2637,-2632,-2626,-2621,-2616,-2611,-2606,-2601,-2597,-2597,-2592,-2588,-2583,-2579,-2574,-2575,-2571,-2572,-2567,-2562,-2557,-2552,-2553,-2554,-2549,-2544,-2539,-2534,-2529,-2524,-2520,-2515,-2510,-2505,-2506,-2507,-2502,-2496,-2491,-2486,-2481,-2476,-2477,-2477,-2472,-2473,-2469,-2470,-2465,-2466,-2467,-2462,-2462,-2463,-2458,-2453,-2449,-2444,-2439,-2440,-2441,-2436,-2431,-2426,-2422,-2423,-2418,-2418,-2413,-2408,-2409,-2404,-2399,-2400,-2395,-2396,-2391,-2392,-2387,-2382,-2378,-2373,-2374,-2369,-2365,-2366,-2360,-2355,-2356,-2351,-2352,-2347,-2342,-2337,-2332,-2327,-2328,-2323,-2324,-2324,-2325,-2326,-2321,-2322,-2317,-2312,-2307,-2303,-2298,-2294,-2289,-2284,-2285,-2280,-2275,-2271,-2271,-2267,-2262,-2263,-2258,-2259,-2255,-2250,-2245,-2240,-2236,-2231,-2226,-2221,-2222,-2217,-2212,-2213,-2208,-2203,-2204,-2205,-2206,-2206,-2201,-2202,-2197,-2198,-2199,-2194,-2189,-2190,-2185,-2180,-2175,-2170,-2166,-2161,-2156,-2151,-2152,-2147,-2147,-2148,-2149,-2150,-2145,-2140,-2135,-2130,-2125,-2120,-2115,-2110,-2105,-2100,-2095,-2095,-2096,-2091,-2086,-2081,-2076,-2071,-2072,-2070,-2069,-2065,-2061,-2056,-2051,-2051,-2052,-2047,-2042,-2037,-2032,-2027,-2022,-2017,-2011,-2006,-2001,-2002,-2003,-1998,-1999,-2000,-1995,-1990,-1991,-1991,-1986,-1981,-1977,-1972,-1967,-1962,-1957,-1952,-1947,-1942,-1937,-1933,-1933,-1929,-1924,-1925,-1920,-1915,-1910,-1906,-1901,-1896,-1891,-1887,-1882,-1877,-1878,-1873,-1874,-1870,-1865,-1866,-1861,-1857,-1852,-1847,-1843,-1838,-1839,-1834,-1830,-1825,-1821,-1816,-1812,-1813,-1808,-1804,-1799,-1795,-1790,-1786,-1781,-1777,-1773,-1773,-1769,-1765,-1760,-1756,-1757,-1752,-1748,-1744,-1745,-1740,-1736,-1732,-1727,-1723,-1719,-1715,-1716,-1711,-1707,-1703,-1699,-1695,-1690,-1643,-1643,-1643,-1643,-1643,-1643,-1643,-1643,-1643,-1643,-1643,-1643,-1643,-1643,-1623,-1603,-1583,-1563,-1543,-1523,-1503,-1483,-1463,-1443,-1423,-1403,-1384,-1364,-1344,-1324,-1304,-1284,-1264,-1245,-1225,-1205,-1185,-1165,-1146,-1126,-1106,-1086,-1067,-1047,-1027,-1007,-988,-968,-969,-949,-929,-910,-890,-871,-851,-831,-812,-792,-773,-753,-733,-714,-694,-675,-655,-636,-616,-597,-577,-558,-538,-519,-499,-500,-481,-462,-442,-423,-403,-384,-365,-345,-326,-307,-287,-268,-249,-229,-210,-191,-172,-152,-133,-114,-95,-75,-56,-37,-18,0
-4009,-4010,-4010,-4011,-4012,-4013,-4014,-4015,-4016,-4016,-4017,-4018,-4019,-4020,-4021,-4022,-4022,-4023,-4024,-4025,-4026,-4027,-4027,-4028,-4029,-4030,-4031,-4032,-4033,-4033,-4034,-4035,-4036,-4037,-4038,-4039,-4039,-4040,-4041,-4042,-4043,-4044,-4044,-4045,-4046,-4047,-4048,-4049,-4050,-4050,-4051,-4052,-4053,-4054,-4055,-4056,-4056,-4057,-4058,-4046,-4047,-4048,-4048,-4037,-4037,-4038,-4039,-4027,-4028,-4029,-4030,-4031,-4031,-4032,-4033,-4034,-4035,-4036,-4036,-4037,-4038,-4039,-4040,-4041,-4042,-4042,-4043,-4044,-4045,-4046,-4047,-4048,-4048,-4049,-4050,-4051,-4040,-4041,-4042,-4042,-4043,-4044,-4032,-4020,-4021,-4022,-4023,-4023,-4024,-4025,-4026,-4027,-4028,-4029,-4029,-4030,-4031,-4032,-4033,-4034,-4034,-4035,-4024,-4024,-4025,-4015,-4016,-4017,-4018,-4007,-4008,-3997,-3998,-3998,-3987,-3988,-3988,-3989,-3990,-3991,-3992,-3993,-3993,-3994,-3995,-3996,-3997,-3998,-3988,-3976,-3977,-3978,-3979,-3980,-3968,-3969,-3970,-3971,-3971,-3972,-3973,-3974,-3975,-3976,-3977,-3977,-3978,-3979,-3980,-3968,-3969,-3970,-3971,-3972,-3973,-3974,-3974,-3975,-3976,-3977,-3978,-3979,-3967,-3968,-3969,-3970,-3971,-3972,-3972,-3973,-3963,-3964,-3965,-3965,-3966,-3967,-3968,-3969,-3970,-3958,-3959,-3960,-3961,-3950,-3940,-3929,-3917,-3918,-3919,-3920,-3921,-3922,-3910,-3899,-3888,-3889,-3889,-3878,-3867,-3855,-3856,-3857,-3858,-3859,-3847,-3848,-3837,-3838,-3827,-3816,-3817,-3817,-3818,-3807,-3808,-3809,-3810,-3810,-3811,-3812,-3813,-3814,-3815,-3803,-3804,-3805,-3794,-3795,-3796,-3784,-3785,-3786,-3775,-3776,-3776,-3777,-3778,-3767,-3756,-3745,-3746,-3746,-3736,-3736,-3737,-3738,-3739,-3740,-3741,-3742,-3742,-3743,-3744,-3745,-3746,-3747,-3747,-3736,-3737,-3738,-3727,-3728,-3729,-3729,-3730,-3731,-3720,-3709,-3698,-3699,-3688,-3688,-3689,-3690,-3691,-3692,-3693,-3684,-3685,-3686,-3682,-3683,-3684,-3685,-3686,-3674,-3675,-3664,-3665,-3666,-3655,-3656,-3656,-3657,-3658,-3659,-3660,-3661,-3662,-3662,-3651,-3652,-3653,-3654,-3643,-3644,-3645,-3646,-3635,-3636,-3625,-3614,-3615,-3616,-3616,-3606,-3595,-3584,-3573,-3574,-3575,-3564,-3565,-3554,-3544,-3544,-3534,-3535,-3535,-3536,-3537,-3527,-3527,-3528,-3529,-3530,-3519,-3520,-3521,-3522,-3511,-3512,-3502,-3502,-3503,-3504,-3494,-3495,-3495,-3485,-3474,-3475,-3465,-3466,-3455,-3445,-3446,-3447,-3436,-3437,-3438,-3439,-3428,-3418,-3419,-3409,-3398,-3388,-3378,-3367,-3368,-3358,-3348,-3349,-3350,-3350,-3351,-3352,-3353,-3343,-3344,-3333,-3334,-3335,-3325,-3326,-3327,-3317,-3318,-3318,-3319,-3320,-3321,-3322,-3312,-3302,-3303,-3293,-3293,-3283,-3284,-3285,-3286,-3287,-3277,-3278,-3279,-3280,-3270,-3270,-3261,-3251,-3252,-3252,-3253,-3254,-3244,-3245,-3235,-3226,-3216,-3206,-3207,-3208,-3209,-3199,-3189,-3190,-3180,-3181,-3182,-3183,-3173,-3174,-3175,-3165,-3156,-3146,-3137,-3127,-3118,-3108,-3098,-3089,-3079,-3080,-3081,-3072,-3072,-3063,-3064,-3054,-3045,-3036,-3026,-3017,-3018,-3008,-3009,-3000,-2990,-2991,-2992,-2993,-2994,-2995,-2985,-2976,-2977,-2968,-2968,-2969,-2960,-2961,-2952,-2952,-2943,-2934,-2935,-2926,-2927,-2882,-2883,-2877,-2872,-2873,-2874,-2869,-2863,-2864,-2865,-2866,-2867,-2862,-2857,-2858,-2853,-2849,-2850,-2845,-2846,-2841,-2841,-2836,-2837,-2832,-2826,-2822,-2823,-2823,-2824,-2819,-2820,-2821,-2821,-2822,-2817,-2812,-2807,-2802,-2796,-2791,-2792,-2793,-2794,-2789,-2789,-2790,-2791,-2786,-2781,-2777,-2772,-2772,-2773,-2774,-2775,-2770,-2765,-2760,-2761,-2762,-2757,-2758,-2758,-2754,-2749,-2750,-2745,-2746,-2741,-2742,-2743,-2744,-2744,-2739,-2734,-2729,-2730,-2731,-2726,-2721,-2718,-2713,-2714,-2709,-2704,-2705,-2700,-2701,-2695,-2690,-2691,-2692,-2693,-2688,-2689,-2690,-2684,-2680,-2675,-2675,-2670,-2671,-2672,-2667,-2668,-2669,-2664,-2665,-2660,-2655,-2656,-2651,-2646,-2640,-2635,-2630,-2625,-2620,-2616,-2611,-2612,-2607,-2602,-2598,-2594,-2589,-2590,-2585,-2586,-2581,-2576,-2571,-2566,-2567,-2568,-2563,-2558,-2553,-2548,-2543,-2540,-2534,-2529,-2524,-2519,-2520,-2521,-2516,-2510,-2505,-2500,-2495,-2490,-2491,-2491,-2487,-2488,-2483,-2484,-2479,-2480,-2481,-2476,-2477,-2478,-2473,-2468,-2463,-2458,-2453,-2454,-2455,-2450,-2445,-2441,-2436,-2437,-2432,-2433,-2428,-2423,-2423,-2418,-2413,-2414,-2409,-2410,-2405,-2406,-2401,-2397,-2392,-2387,-2388,-2384,-2379,-2380,-2375,-2369,-2370,-2365,-2366,-2361,-2356,-2351,-2346,-2341,-2342,-2337,-2338,-2338,-2339,-2340,-2335,-2336,-2331,-2327,-2322,-2318,-2313,-2308,-2303,-2298,-2299,-2295,-2290,-2285,-2286,-2281,-2276,-2277,-2273,-2274,-2269,-2264,-2260,-2255,-2250,-2245,-2240,-2235,-2236,-2231,-2226,-2227,-2222,-2217,-2218,-2219,-2220,-2221,-2216,-2217,-2212,-2213,-2214,-2209,-2204,-2205,-2200,-2195,-2190,-2185,-2180,-2175,-2170,-2165,-2166,-2161,-2162,-2162,-2163,-2164,-2159,-2154,-2149,-2144,-2139,-2134,-2129,-2124,-2119,-2114,-2109,-2110,-2110,-2105,-2100,-2095,-2090,-2088,-2089,-2089,-2084,-2080,-2075,-2070,-2065,-2065,-2066,-2061,-2056,-2051,-2046,-2041,-2036,-2031,-2026,-2020,-2015,-2016,-2017,-2012,-2013,-2014,-2009,-2004,-2005,-2006,-2001,-1996,-1991,-1986,-1981,-1976,-1971,-1966,-1961,-1957,-1952,-1947,-1948,-1943,-1938,-1939,-1934,-1929,-1925,-1920,-1915,-1911,-1906,-1901,-1896,-1892,-1893,-1888,-1889,-1884,-1879,-1880,-1876,-1871,-1866,-1862,-1857,-1853,-1854,-1849,-1844,-1840,-1835,-1831,-1826,-1827,-1823,-1818,-1814,-1809,-1805,-1801,-1796,-1792,-1787,-1788,-1784,-1779,-1775,-1771,-1772,-1767,-1763,-1759,-1759,-1755,-1751,-1747,-1742,-1738,-1734,-1730,-1730,-1726,-1722,-1718,-1714,-1710,-1705,-1662,-1662,-1662,-1662,-1662,-1662,-1662,-1662,-1662,-1662,-1662,-1662,-1662,-1642,-1622,-1602,-1582,-1562,-1542,-1522,-1502,-1482,-1462,-1443,-1423,-1403,-1383,-1363,-1343,-1323,-1303,-1284,-1264,-1244,-1224,-1204,-1184,-1165,-1145,-1125,-1105,-1086,-1066,-1046,-1027,-1007,-987,-967,-968,-949,-929,-909,-890,-870,-850,-831,-811,-792,-772,-753,-733,-713,-694,-674,-655,-635,-616,-596,-577,-558,-538,-519,-499,-500,-481,-461,-442,-422,-403,-384,-364,-345,-326,-306,-287,-268,-249,-229,-210,-191,-171,-152,-133,-114,-95,-75,-56,-37,-18,0
-4015,-4016,-4017,-4018,-4019,-4019,-4020,-4021,-4022,-4023,-4024,-4025,-4025,-4026,-4027,-4028,-4029,-4030,-4031,-4032,-4032,-4033,-4034,-4035,-4036,-4037,-4038,-4038,-4039,-4040,-4041,-4042,-4043,-4044,-4044,-4045,-4046,-4047,-4048,-4049,-4050,-4050,-4051,-4052,-4053,-4054,-4055,-4056,-4056,-4057,-4058,-4059,-4060,-4061,-4062,-4062,-4063,-4064,-4065,-4053,-4054,-4055,-4056,-4044,-4045,-4045,-4046,-4035,-4036,-4037,-4037,-4038,-4039,-4040,-4041,-4042,-4043,-4044,-4044,-4045,-4046,-4047,-4048,-4049,-4050,-4050,-4051,-4052,-4053,-4054,-4055,-4056,-4056,-4057,-4058,-4059,-4047,-4048,-4049,-4049,-4050,-4051,-4039,-4027,-4028,-4029,-4030,-4031,-4031,-4032,-4033,-4034,-4035,-4036,-4037,-4037,-4038,-4039,-4040,-4041,-4042,-4043,-4033,-4033,-4034,-4024,-4025,-4025,-4026,-4015,-4016,-4004,-4005,-4006,-3996,-3996,-3997,-3998,-3999,-4000,-4001,-4002,-4002,-4003,-4004,-4005,-4006,-4007,-3995,-3984,-3985,-3986,-3986,-3987,-3976,-3976,-3977,-3978,-3979,-3980,-3981,-3982,-3982,-3983,-3984,-3985,-3986,-3987,-3988,-3976,-3977,-3978,-3979,-3980,-3980,-3981,-3982,-3983,-3984,-3985,-3986,-3986,-3976,-3977,-3978,-3979,-3979,-3980,-3981,-3982,-3971,-3972,-3972,-3973,-3974,-3975,-3976,-3977,-3978,-3967,-3967,-3968,-3969,-3959,-3948,-3937,-3925,-3926,-3927,-3928,-3929,-3929,-3918,-3907,-3895,-3896,-3897,-3886,-3874,-3863,-3864,-3865,-3866,-3867,-3855,-3856,-3845,-3846,-3835,-3824,-3824,-3825,-3826,-3815,-3816,-3817,-3817,-3818,-3819,-3820,-3821,-3822,-3823,-3811,-3812,-3813,-3802,-3803,-3803,-3792,-3793,-3794,-3783,-3784,-3784,-3785,-3786,-3775,-3764,-3753,-3754,-3755,-3743,-3744,-3745,-3746,-3747,-3748,-3749,-3749,-3750,-3751,-3752,-3753,-3754,-3755,-3755,-3744,-3745,-3746,-3735,-3736,-3737,-3738,-3738,-3739,-3728,-3717,-3706,-3707,-3698,-3699,-3700,-3701,-3702,-3703,-3704,-3700,-3700,-3701,-3690,-3691,-3692,-3693,-3694,-3682,-3683,-3672,-3673,-3674,-3663,-3664,-3665,-3665,-3666,-3667,-3668,-3669,-3670,-3671,-3660,-3661,-3661,-3662,-3651,-3652,-3653,-3654,-3643,-3644,-3633,-3622,-3623,-3624,-3625,-3614,-3603,-3592,-3582,-3583,-3583,-3573,-3574,-3563,-3552,-3553,-3542,-3543,-3544,-3545,-3546,-3535,-3536,-3537,-3538,-3538,-3528,-3529,-3530,-3530,-3520,-3521,-3510,-3511,-3512,-3513,-3502,-3503,-3504,-3494,-3483,-3484,-3474,-3474,-3464,-3454,-3454,-3455,-3445,-3446,-3447,-3448,-3437,-3427,-3428,-3417,-3407,-3397,-3387,-3376,-3377,-3367,-3357,-3358,-3358,-3359,-3360,-3361,-3362,-3352,-3353,-3342,-3343,-3344,-3334,-3335,-3336,-3326,-3327,-3327,-3328,-3329,-3330,-3331,-3321,-3311,-3312,-3302,-3303,-3293,-3294,-3294,-3295,-3296,-3286,-3287,-3288,-3289,-3279,-3280,-3270,-3260,-3261,-3262,-3263,-3264,-3254,-3255,-3245,-3235,-3225,-3216,-3216,-3217,-3218,-3208,-3199,-3200,-3190,-3191,-3192,-3193,-3183,-3184,-3185,-3175,-3165,-3156,-3146,-3137,-3127,-3118,-3108,-3099,-3089,-3090,-3091,-3081,-3082,-3073,-3074,-3064,-3055,-3045,-3036,-3026,-3027,-3018,-3019,-3009,-3000,-3001,-3002,-3003,-3004,-3004,-2995,-2986,-2987,-2977,-2978,-2979,-2970,-2971,-2962,-2962,-2953,-2944,-2945,-2936,-2937,-2896,-2896,-2891,-2886,-2887,-2888,-2883,-2878,-2879,-2880,-2881,-2881,-2877,-2872,-2873,-2868,-2863,-2864,-2859,-2860,-2854,-2855,-2850,-2851,-2846,-2841,-2835,-2836,-2837,-2838,-2833,-2834,-2834,-2835,-2836,-2831,-2826,-2821,-2815,-2810,-2805,-2806,-2807,-2808,-2803,-2803,-2804,-2805,-2800,-2796,-2791,-2786,-2786,-2787,-2788,-2789,-2784,-2779,-2774,-2775,-2776,-2771,-2772,-2773,-2768,-2763,-2764,-2759,-2760,-2755,-2756,-2757,-2758,-2758,-2753,-2748,-2743,-2744,-2745,-2740,-2737,-2732,-2727,-2728,-2723,-2718,-2719,-2714,-2715,-2709,-2704,-2705,-2706,-2707,-2702,-2703,-2704,-2699,-2694,-2689,-2689,-2685,-2685,-2686,-2681,-2682,-2683,-2678,-2679,-2674,-2669,-2670,-2665,-2660,-2654,-2649,-2644,-2639,-2635,-2630,-2625,-2626,-2621,-2617,-2613,-2608,-2603,-2604,-2600,-2600,-2595,-2590,-2585,-2580,-2581,-2582,-2577,-2572,-2567,-2562,-2559,-2554,-2548,-2543,-2538,-2533,-2534,-2535,-2530,-2524,-2519,-2514,-2509,-2505,-2506,-2506,-2501,-2502,-2497,-2498,-2493,-2494,-2495,-2490,-2491,-2492,-2487,-2482,-2477,-2472,-2467,-2468,-2469,-2464,-2460,-2455,-2450,-2451,-2446,-2447,-2442,-2437,-2438,-2433,-2428,-2428,-2423,-2424,-2419,-2420,-2416,-2412,-2407,-2402,-2403,-2398,-2393,-2394,-2389,-2384,-2384,-2379,-2380,-2375,-2370,-2365,-2360,-2355,-2356,-2351,-2352,-2353,-2353,-2354,-2350,-2351,-2346,-2342,-2337,-2332,-2327,-2322,-2318,-2313,-2314,-2309,-2304,-2299,-2300,-2296,-2291,-2292,-2287,-2288,-2284,-2279,-2274,-2269,-2264,-2259,-2254,-2250,-2250,-2245,-2240,-2241,-2236,-2231,-2232,-2233,-2234,-2235,-2230,-2231,-2226,-2227,-2228,-2223,-2218,-2219,-2214,-2209,-2204,-2199,-2194,-2189,-2184,-2179,-2180,-2175,-2176,-2176,-2177,-2178,-2173,-2168,-2163,-2158,-2153,-2148,-2143,-2138,-2133,-2128,-2123,-2124,-2124,-2119,-2114,-2109,-2107,-2107,-2108,-2103,-2099,-2094,-2089,-2084,-2079,-2079,-2080,-2075,-2070,-2065,-2060,-2055,-2050,-2045,-2040,-2035,-2030,-2030,-2031,-2026,-2027,-2028,-2023,-2018,-2019,-2020,-2015,-2010,-2005,-2000,-1995,-1990,-1985,-1981,-1976,-1971,-1966,-1961,-1962,-1957,-1953,-1953,-1949,-1944,-1939,-1934,-1930,-1925,-1920,-1916,-1911,-1906,-1907,-1902,-1903,-1899,-1894,-1895,-1890,-1886,-1881,-1876,-1872,-1867,-1868,-1864,-1859,-1855,-1850,-1846,-1841,-1842,-1837,-1833,-1829,-1824,-1820,-1815,-1811,-1806,-1802,-1803,-1799,-1794,-1790,-1786,-1786,-1782,-1778,-1773,-1774,-1770,-1766,-1761,-1757,-1753,-1749,-1745,-1745,-1741,-1737,-1733,-1729,-1725,-1720,-1682,-1682,-1682,-1681,-1681,-1681,-1681,-1681,-1681,-1681,-1681,-1681,-1661,-1641,-1621,-1601,-1581,-1561,-1541,-1521,-1502,-1482,-1462,-1442,-1422,-1402,-1382,-1362,-1342,-1323,-1303,-1283,-1263,-1243,-1223,-1204,-1184,-1164,-1144,-1125,-1105,-1085,-1065,-1046,-1026,-1006,-987,-967,-968,-948,-928,-909,-889,-870,-850,-830,-811,-791,-772,-752,-733,-713,-694,-674,-655,-635,-616,-596,-577,-557,-538,-518,-499,-500,-480,-461,-442,-422,-403,-384,-364,-345,-326,-306,-287,-268,-248,-229,-210,-191,-171,-152,-133,-114,-94,-75,-56,-37,-18,0
-4022,-4023,-4023,-4024,-4025,-4026,-4027,-4028,-4029,-4030,-4030,-4031,-4032,-4033,-4034,-4035,-4036,-4037,-4037,-4038,-4039,-4040,-4041,-4042,-4043,-4044,-4044,-4045,-4046,-4047,-4048,-4049,-4050,-4050,-4051,-4052,-4053,-4054,-4055,-4056,-4057,-4057,-4058,-4059,-4060,-4061,-4062,-4063,-4064,-4064,-4065,-4066,-4067,-4068,-4069,-4070,-4070,-4071,-4072,-4060,-4061,-4062,-4063,-4051,-4052,-4053,-4054,-4042,-4042,-4043,-4044,-4045,-4046,-4047,-4048,-4049,-4049,-4050,-4051,-4052,-4053,-4054,-4055,-4056,-4056,-4057,-4058,-4059,-4060,-4061,-4062,-4062,-4063,-4064,-4065,-4066,-4054,-4055,-4056,-4057,-4057,-4058,-4046,-4036,-4037,-4038,-4039,-4039,-4040,-4041,-4042,-4043,-4044,-4045,-4046,-4046,-4047,-4048,-4049,-4050,-4051,-4052,-4041,-4042,-4043,-4031,-4032,-4033,-4034,-4022,-4023,-4013,-4014,-4015,-4003,-4004,-4005,-4006,-4007,-4008,-4008,-4009,-4010,-4011,-4012,-4013,-4014,-4015,-4003,-3991,-3992,-3993,-3994,-3995,-3983,-3984,-3985,-3986,-3987,-3987,-3988,-3989,-3990,-3991,-3992,-3993,-3994,-3994,-3995,-3985,-3986,-3986,-3987,-3988,-3989,-3990,-3991,-3992,-3993,-3993,-3994,-3995,-3984,-3985,-3985,-3986,-3987,-3988,-3989,-3990,-3979,-3980,-3980,-3981,-3982,-3983,-3984,-3985,-3986,-3975,-3976,-3977,-3978,-3967,-3956,-3944,-3933,-3934,-3935,-3936,-3936,-3937,-3926,-3915,-3903,-3904,-3905,-3894,-3882,-3871,-3872,-3873,-3874,-3874,-3863,-3864,-3853,-3854,-3843,-3831,-3832,-3833,-3834,-3823,-3823,-3824,-3825,-3826,-3827,-3828,-3829,-3830,-3830,-3819,-3820,-3821,-3810,-3810,-3811,-3800,-3801,-3802,-3791,-3792,-3792,-3793,-3794,-3783,-3772,-3761,-3762,-3763,-3751,-3752,-3753,-3754,-3755,-3756,-3756,-3757,-3758,-3759,-3760,-3761,-3762,-3763,-3763,-3752,-3753,-3754,-3743,-3744,-3745,-3746,-3746,-3747,-3736,-3725,-3717,-3718,-3713,-3714,-3715,-3716,-3717,-3718,-3719,-3707,-3708,-3709,-3698,-3699,-3700,-3701,-3702,-3690,-3691,-3680,-3681,-3682,-3671,-3672,-3673,-3674,-3674,-3675,-3676,-3677,-3678,-3679,-3668,-3669,-3670,-3670,-3660,-3660,-3661,-3662,-3651,-3652,-3641,-3631,-3631,-3632,-3633,-3622,-3612,-3601,-3590,-3591,-3592,-3581,-3582,-3571,-3561,-3561,-3551,-3552,-3552,-3553,-3554,-3544,-3544,-3545,-3546,-3547,-3536,-3537,-3538,-3539,-3529,-3529,-3519,-3520,-3521,-3521,-3511,-3512,-3513,-3502,-3492,-3493,-3482,-3483,-3473,-3462,-3463,-3464,-3454,-3455,-3455,-3456,-3446,-3436,-3437,-3426,-3416,-3406,-3396,-3385,-3386,-3376,-3366,-3367,-3367,-3368,-3369,-3370,-3371,-3361,-3362,-3351,-3352,-3353,-3343,-3344,-3345,-3335,-3336,-3337,-3337,-3338,-3339,-3340,-3330,-3320,-3321,-3311,-3312,-3302,-3303,-3304,-3304,-3305,-3295,-3296,-3297,-3298,-3288,-3289,-3279,-3269,-3270,-3271,-3272,-3273,-3263,-3264,-3254,-3244,-3235,-3225,-3226,-3227,-3228,-3218,-3208,-3209,-3199,-3200,-3201,-3202,-3192,-3193,-3194,-3185,-3175,-3165,-3156,-3146,-3137,-3127,-3118,-3108,-3099,-3100,-3100,-3091,-3092,-3082,-3083,-3074,-3064,-3055,-3046,-3036,-3037,-3028,-3029,-3019,-3010,-3011,-3012,-3012,-3013,-3014,-3005,-2996,-2997,-2987,-2988,-2989,-2980,-2981,-2971,-2972,-2963,-2954,-2955,-2946,-2947,-2910,-2910,-2905,-2900,-2901,-2902,-2897,-2892,-2893,-2894,-2895,-2896,-2891,-2886,-2887,-2882,-2877,-2878,-2873,-2874,-2868,-2869,-2864,-2865,-2860,-2855,-2849,-2850,-2851,-2852,-2847,-2847,-2848,-2849,-2850,-2845,-2840,-2835,-2829,-2824,-2819,-2820,-2821,-2822,-2817,-2818,-2819,-2820,-2815,-2810,-2805,-2800,-2800,-2801,-2802,-2803,-2798,-2793,-2789,-2789,-2790,-2785,-2786,-2787,-2782,-2778,-2778,-2773,-2774,-2769,-2770,-2771,-2772,-2773,-2767,-2762,-2758,-2759,-2760,-2756,-2752,-2746,-2741,-2742,-2737,-2732,-2733,-2728,-2729,-2723,-2718,-2719,-2720,-2721,-2716,-2717,-2718,-2713,-2708,-2703,-2704,-2699,-2699,-2700,-2695,-2696,-2697,-2692,-2693,-2688,-2683,-2684,-2679,-2674,-2669,-2664,-2659,-2654,-2649,-2644,-2639,-2640,-2637,-2632,-2627,-2622,-2618,-2619,-2614,-2615,-2610,-2605,-2600,-2595,-2595,-2596,-2591,-2586,-2582,-2578,-2573,-2568,-2562,-2557,-2552,-2547,-2548,-2549,-2544,-2538,-2533,-2528,-2524,-2519,-2520,-2521,-2516,-2516,-2512,-2512,-2507,-2508,-2509,-2505,-2506,-2506,-2502,-2497,-2492,-2487,-2482,-2483,-2483,-2479,-2474,-2469,-2464,-2465,-2460,-2461,-2456,-2451,-2452,-2447,-2442,-2443,-2437,-2438,-2434,-2435,-2431,-2426,-2421,-2416,-2417,-2412,-2407,-2408,-2403,-2398,-2399,-2394,-2394,-2389,-2384,-2379,-2374,-2369,-2370,-2365,-2366,-2367,-2368,-2369,-2364,-2365,-2361,-2356,-2351,-2346,-2342,-2337,-2332,-2327,-2328,-2323,-2318,-2314,-2315,-2310,-2305,-2306,-2302,-2303,-2298,-2293,-2288,-2283,-2278,-2274,-2269,-2264,-2265,-2260,-2255,-2255,-2250,-2246,-2247,-2248,-2248,-2249,-2244,-2245,-2240,-2241,-2242,-2237,-2232,-2233,-2228,-2223,-2218,-2213,-2208,-2203,-2198,-2193,-2194,-2189,-2190,-2191,-2192,-2193,-2187,-2182,-2178,-2172,-2167,-2162,-2157,-2152,-2147,-2142,-2137,-2138,-2138,-2133,-2128,-2126,-2126,-2122,-2123,-2118,-2113,-2108,-2103,-2098,-2093,-2093,-2094,-2089,-2084,-2079,-2074,-2069,-2064,-2059,-2054,-2049,-2044,-2045,-2045,-2040,-2041,-2042,-2037,-2032,-2033,-2034,-2029,-2024,-2019,-2014,-2009,-2005,-2000,-1995,-1990,-1985,-1980,-1976,-1976,-1972,-1967,-1968,-1963,-1958,-1954,-1949,-1944,-1939,-1935,-1930,-1925,-1921,-1921,-1917,-1918,-1913,-1908,-1909,-1905,-1900,-1896,-1891,-1886,-1882,-1883,-1878,-1874,-1869,-1865,-1860,-1856,-1857,-1852,-1848,-1843,-1839,-1834,-1830,-1826,-1821,-1817,-1818,-1813,-1809,-1805,-1800,-1801,-1797,-1793,-1788,-1789,-1785,-1781,-1776,-1772,-1768,-1764,-1759,-1760,-1756,-1752,-1748,-1744,-1739,-1735,-1701,-1701,-1701,-1701,-1701,-1701,-1701,-1701,-1701,-1700,-1700,-1680,-1660,-1640,-1620,-1600,-1580,-1561,-1541,-1521,-1501,-1481,-1461,-1441,-1421,-1401,-1381,-1361,-1342,-1322,-1302,-1282,-1262,-1243,-1223,-1203,-1183,-1163,-1144,-1124,-1104,-1084,-1065,-1045,-1025,-1006,-986,-966,-967,-948,-928,-908,-889,-869,-850,-830,-810,-791,-771,-752,-732,-713,-693,-674,-654,-635,-615,-596,-576,-557,-537,-518,-499,-500,-480,-461,-441,-422,-403,-383,-364,-345,-325,-306,-287,-268,-248,-229,-210,-190,-171,-152,-133,-114,-94,-75,-56,-37,-18,0
-4028,-4029,-4030,-4031,-4032,-4033,-4034,-4034,-4035,-4036,-4037,-4038,-4039,-4040,-4041,-4041,-4042,-4043,-4044,-4045,-4046,-4047,-4048,-4049,-4049,-4050,-4051,-4052,-4053,-4054,-4055,-4056,-4056,-4057,-4058,-4059,-4060,-4061,-4062,-4063,-4063,-4064,-4065,-4066,-4067,-4068,-4069,-4070,-4071,-4071,-4072,-4073,-4074,-4075,-4076,-4077,-4078,-4078,-4079,-4068,-4069,-4070,-4071,-4058,-4059,-4060,-4061,-4048,-4049,-4050,-4051,-4052,-4053,-4054,-4055,-4055,-4056,-4057,-4058,-4059,-4060,-4061,-4062,-4063,-4063,-4064,-4065,-4066,-4067,-4068,-4069,-4070,-4070,-4071,-4072,-4073,-4061,-4062,-4063,-4064,-4065,-4065,-4055,-4044,-4045,-4046,-4047,-4048,-4049,-4050,-4051,-4051,-4052,-4053,-4054,-4055,-4056,-4057,-4058,-4058,-4059,-4060,-4049,-4050,-4051,-4039,-4040,-4041,-4041,-4031,-4032,-4021,-4022,-4022,-4011,-4011,-4012,-4013,-4014,-4015,-4016,-4017,-4018,-4019,-4019,-4020,-4021,-4022,-4010,-3999,-4000,-4000,-4001,-4002,-3991,-3992,-3993,-3994,-3995,-3996,-3997,-3998,-3999,-3999,-4000,-4001,-4002,-4003,-4004,-3992,-3993,-3994,-3995,-3996,-3997,-3998,-3998,-3999,-4000,-4001,-4002,-4003,-3992,-3993,-3993,-3994,-3995,-3996,-3997,-3998,-3987,-3988,-3989,-3990,-3991,-3992,-3993,-3993,-3994,-3984,-3984,-3985,-3986,-3975,-3963,-3952,-3941,-3942,-3942,-3943,-3944,-3945,-3934,-3922,-3911,-3912,-3913,-3901,-3890,-3879,-3880,-3881,-3882,-3883,-3871,-3872,-3861,-3862,-3850,-3839,-3840,-3841,-3842,-3830,-3831,-3832,-3833,-3834,-3835,-3836,-3836,-3837,-3838,-3827,-3828,-3829,-3818,-3818,-3819,-3808,-3809,-3810,-3799,-3799,-3800,-3801,-3802,-3791,-3780,-3769,-3770,-3770,-3759,-3760,-3761,-3762,-3763,-3764,-3764,-3765,-3766,-3767,-3768,-3769,-3770,-3771,-3771,-3760,-3761,-3762,-3751,-3752,-3753,-3754,-3754,-3755,-3744,-3736,-3732,-3733,-3721,-3722,-3723,-3724,-3725,-3726,-3727,-3715,-3716,-3717,-3706,-3707,-3708,-3709,-3710,-3699,-3699,-3688,-3689,-3690,-3679,-3680,-3681,-3682,-3683,-3683,-3684,-3685,-3686,-3687,-3676,-3677,-3678,-3679,-3668,-3669,-3670,-3670,-3660,-3660,-3650,-3639,-3640,-3641,-3641,-3631,-3620,-3609,-3598,-3599,-3600,-3589,-3590,-3580,-3569,-3570,-3559,-3560,-3561,-3562,-3563,-3552,-3553,-3554,-3555,-3556,-3545,-3546,-3547,-3548,-3537,-3538,-3527,-3528,-3529,-3530,-3520,-3521,-3521,-3511,-3501,-3501,-3491,-3492,-3481,-3471,-3472,-3473,-3463,-3463,-3464,-3465,-3455,-3445,-3445,-3435,-3425,-3415,-3404,-3394,-3395,-3385,-3375,-3375,-3376,-3377,-3378,-3379,-3380,-3370,-3371,-3360,-3361,-3362,-3352,-3353,-3354,-3344,-3345,-3346,-3346,-3347,-3348,-3349,-3339,-3329,-3330,-3320,-3321,-3311,-3312,-3313,-3314,-3315,-3305,-3306,-3306,-3307,-3297,-3298,-3288,-3279,-3280,-3280,-3281,-3282,-3272,-3273,-3264,-3254,-3244,-3234,-3235,-3236,-3237,-3227,-3218,-3219,-3209,-3210,-3211,-3212,-3202,-3203,-3204,-3194,-3185,-3175,-3165,-3156,-3146,-3137,-3127,-3118,-3108,-3109,-3110,-3101,-3102,-3092,-3093,-3084,-3074,-3065,-3055,-3046,-3047,-3037,-3038,-3029,-3020,-3021,-3021,-3022,-3023,-3024,-3015,-3006,-3006,-2997,-2998,-2999,-2990,-2991,-2981,-2982,-2973,-2964,-2965,-2956,-2957,-2923,-2924,-2919,-2915,-2915,-2916,-2911,-2906,-2907,-2908,-2909,-2910,-2905,-2901,-2902,-2896,-2891,-2892,-2887,-2887,-2882,-2883,-2878,-2879,-2874,-2868,-2863,-2864,-2865,-2866,-2861,-2861,-2862,-2863,-2864,-2859,-2854,-2849,-2843,-2838,-2833,-2834,-2835,-2836,-2831,-2832,-2833,-2834,-2829,-2824,-2819,-2814,-2815,-2816,-2817,-2818,-2812,-2808,-2803,-2804,-2804,-2800,-2801,-2801,-2797,-2792,-2792,-2787,-2788,-2783,-2784,-2785,-2786,-2787,-2782,-2777,-2774,-2774,-2775,-2771,-2766,-2760,-2755,-2756,-2751,-2746,-2747,-2742,-2743,-2737,-2733,-2734,-2734,-2735,-2730,-2731,-2732,-2727,-2722,-2717,-2718,-2713,-2714,-2715,-2710,-2711,-2711,-2706,-2707,-2702,-2697,-2698,-2693,-2688,-2683,-2678,-2673,-2668,-2663,-2658,-2655,-2656,-2651,-2647,-2642,-2637,-2632,-2633,-2628,-2629,-2624,-2619,-2614,-2609,-2609,-2610,-2605,-2601,-2597,-2592,-2587,-2582,-2576,-2571,-2566,-2561,-2562,-2563,-2557,-2552,-2547,-2543,-2538,-2533,-2534,-2535,-2530,-2531,-2526,-2527,-2522,-2523,-2524,-2519,-2520,-2521,-2516,-2511,-2506,-2501,-2497,-2497,-2498,-2493,-2488,-2483,-2478,-2479,-2474,-2475,-2470,-2465,-2466,-2461,-2456,-2457,-2452,-2453,-2449,-2450,-2445,-2440,-2435,-2430,-2431,-2426,-2421,-2422,-2417,-2412,-2413,-2408,-2408,-2403,-2398,-2393,-2388,-2384,-2384,-2380,-2381,-2381,-2382,-2383,-2379,-2380,-2375,-2370,-2365,-2361,-2356,-2351,-2346,-2341,-2342,-2337,-2333,-2329,-2329,-2325,-2320,-2321,-2316,-2317,-2312,-2307,-2302,-2297,-2293,-2288,-2283,-2278,-2279,-2274,-2269,-2270,-2265,-2260,-2261,-2262,-2263,-2263,-2258,-2259,-2254,-2255,-2256,-2251,-2246,-2247,-2242,-2237,-2232,-2227,-2222,-2217,-2212,-2207,-2208,-2203,-2204,-2205,-2206,-2207,-2202,-2197,-2192,-2186,-2181,-2176,-2171,-2166,-2161,-2156,-2151,-2152,-2152,-2147,-2145,-2145,-2141,-2137,-2137,-2132,-2127,-2122,-2117,-2112,-2107,-2107,-2108,-2103,-2098,-2093,-2088,-2083,-2078,-2073,-2068,-2063,-2058,-2059,-2060,-2055,-2055,-2056,-2051,-2046,-2047,-2048,-2043,-2038,-2033,-2029,-2024,-2019,-2014,-2009,-2004,-2000,-1995,-1990,-1991,-1986,-1981,-1982,-1977,-1973,-1968,-1963,-1958,-1954,-1949,-1944,-1940,-1935,-1936,-1931,-1932,-1928,-1923,-1924,-1919,-1915,-1910,-1906,-1901,-1896,-1897,-1893,-1888,-1884,-1879,-1875,-1870,-1871,-1867,-1862,-1858,-1854,-1849,-1845,-1840,-1836,-1832,-1832,-1828,-1824,-1819,-1815,-1816,-1812,-1807,-1803,-1804,-1800,-1795,-1791,-1787,-1783,-1779,-1774,-1775,-1771,-1767,-1763,-1759,-1754,-1750,-1720,-1720,-1720,-1720,-1720,-1720,-1720,-1720,-1720,-1720,-1700,-1680,-1660,-1640,-1620,-1600,-1580,-1560,-1540,-1520,-1500,-1480,-1460,-1440,-1420,-1400,-1381,-1361,-1341,-1321,-1301,-1281,-1262,-1242,-1222,-1202,-1183,-1163,-1143,-1123,-1104,-1084,-1064,-1045,-1025,-1005,-986,-966,-967,-947,-927,-908,-888,-869,-849,-830,-810,-790,-771,-751,-732,-712,-693,-673,-654,-634,-615,-595,-576,-557,-537,-518,-498,-499,-480,-461,-441,-422,-402,-383,-364,-344,-325,-306,-287,-267,-248,-229,-210,-190,-171,-152,-133,-114,-94,-75,-56,-37,-18,0
-4035,-4036,-4037,-4038,-4039,-4040,-4041,-4042,-4043,-4043,-4044,-4045,-4046,-4047,-4048,-4049,-4050,-4051,-4051,-4052,-4053,-4054,-4055,-4056,-4057,-4058,-4059,-4059,-4060,-4061,-4062,-4063,-4064,-4065,-4066,-4067,-4067,-4068,-4069,-4070,-4071,-4072,-4073,-4074,-4075,-4075,-4076,-4077,-4078,-4079,-4080,-4081,-4082,-4083,-4083,-4084,-4085,-4086,-4087,-4075,-4075,-4076,-4077,-4065,-4066,-4067,-4068,-4055,-4056,-4057,-4058,-4059,-4060,-4061,-4061,-4062,-4063,-4064,-4065,-4066,-4067,-4068,-4069,-4069,-4070,-4071,-4072,-4073,-4074,-4075,-4076,-4077,-4077,-4078,-4079,-4080,-4070,-4071,-4072,-4072,-4073,-4074,-4064,-4052,-4053,-4054,-4055,-4055,-4056,-4057,-4058,-4059,-4060,-4061,-4062,-4063,-4064,-4064,-4065,-4066,-4067,-4068,-4056,-4057,-4058,-4048,-4049,-4049,-4050,-4039,-4040,-4028,-4029,-4030,-4018,-4019,-4020,-4021,-4021,-4022,-4023,-4024,-4025,-4026,-4027,-4028,-4029,-4029,-4018,-4007,-4008,-4009,-4010,-4011,-3999,-4000,-4001,-4002,-4002,-4003,-4004,-4005,-4006,-4007,-4008,-4009,-4010,-4010,-4011,-4000,-4001,-4002,-4003,-4004,-4005,-4005,-4006,-4007,-4008,-4009,-4010,-4011,-4000,-4001,-4002,-4003,-4004,-4005,-4006,-4006,-3996,-3996,-3997,-3998,-3999,-4000,-4001,-4002,-4003,-3991,-3992,-3993,-3994,-3983,-3971,-3960,-3948,-3949,-3950,-3951,-3952,-3953,-3941,-3930,-3919,-3920,-3920,-3909,-3898,-3887,-3888,-3889,-3890,-3890,-3879,-3880,-3869,-3870,-3858,-3847,-3848,-3849,-3849,-3838,-3839,-3840,-3841,-3842,-3842,-3843,-3844,-3845,-3846,-3835,-3836,-3837,-3825,-3826,-3827,-3816,-3817,-3818,-3807,-3808,-3809,-3809,-3810,-3799,-3788,-3776,-3777,-3778,-3767,-3768,-3769,-3770,-3771,-3771,-3772,-3773,-3774,-3775,-3776,-3777,-3778,-3779,-3779,-3768,-3769,-3770,-3759,-3760,-3761,-3761,-3762,-3763,-3755,-3751,-3740,-3740,-3729,-3730,-3731,-3732,-3733,-3734,-3735,-3723,-3724,-3725,-3714,-3715,-3716,-3717,-3718,-3707,-3707,-3696,-3697,-3698,-3687,-3688,-3689,-3690,-3691,-3692,-3692,-3693,-3694,-3695,-3684,-3685,-3686,-3687,-3676,-3677,-3678,-3679,-3668,-3669,-3658,-3647,-3648,-3649,-3650,-3639,-3628,-3618,-3607,-3608,-3609,-3598,-3599,-3588,-3577,-3578,-3568,-3568,-3569,-3570,-3571,-3561,-3561,-3562,-3563,-3564,-3554,-3554,-3555,-3556,-3546,-3547,-3536,-3537,-3538,-3539,-3528,-3529,-3530,-3520,-3509,-3510,-3500,-3501,-3490,-3480,-3481,-3482,-3471,-3472,-3473,-3474,-3464,-3453,-3454,-3444,-3434,-3423,-3413,-3403,-3404,-3394,-3383,-3384,-3385,-3386,-3387,-3388,-3389,-3379,-3380,-3369,-3370,-3371,-3361,-3362,-3363,-3353,-3354,-3355,-3356,-3356,-3357,-3358,-3348,-3338,-3339,-3329,-3330,-3320,-3321,-3322,-3323,-3324,-3314,-3315,-3316,-3317,-3307,-3308,-3298,-3288,-3289,-3290,-3291,-3292,-3282,-3283,-3273,-3263,-3253,-3244,-3245,-3246,-3246,-3237,-3227,-3228,-3218,-3219,-3220,-3221,-3211,-3212,-3213,-3204,-3194,-3185,-3175,-3165,-3156,-3146,-3137,-3127,-3118,-3119,-3120,-3110,-3111,-3102,-3103,-3093,-3084,-3074,-3065,-3056,-3057,-3047,-3048,-3039,-3029,-3030,-3031,-3032,-3033,-3034,-3025,-3015,-3016,-3007,-3008,-3009,-3000,-3001,-2991,-2992,-2983,-2974,-2975,-2966,-2967,-2937,-2938,-2934,-2929,-2930,-2930,-2926,-2921,-2922,-2923,-2924,-2924,-2920,-2914,-2915,-2910,-2905,-2906,-2900,-2901,-2896,-2897,-2892,-2893,-2887,-2882,-2877,-2878,-2879,-2880,-2875,-2875,-2876,-2877,-2878,-2873,-2868,-2862,-2857,-2852,-2848,-2849,-2850,-2850,-2845,-2846,-2847,-2848,-2843,-2838,-2833,-2828,-2829,-2830,-2831,-2832,-2827,-2822,-2817,-2818,-2819,-2814,-2815,-2816,-2811,-2806,-2806,-2801,-2802,-2797,-2798,-2799,-2800,-2801,-2796,-2793,-2788,-2789,-2790,-2785,-2780,-2774,-2769,-2770,-2765,-2760,-2761,-2756,-2757,-2752,-2747,-2748,-2748,-2749,-2744,-2745,-2746,-2741,-2736,-2731,-2732,-2727,-2728,-2729,-2724,-2725,-2725,-2720,-2721,-2716,-2711,-2712,-2707,-2702,-2697,-2692,-2687,-2683,-2678,-2674,-2669,-2670,-2666,-2661,-2656,-2651,-2646,-2647,-2642,-2643,-2638,-2633,-2628,-2623,-2624,-2624,-2620,-2616,-2611,-2606,-2601,-2596,-2590,-2585,-2580,-2575,-2576,-2577,-2571,-2566,-2562,-2557,-2552,-2547,-2548,-2549,-2544,-2545,-2540,-2541,-2536,-2537,-2538,-2533,-2534,-2535,-2530,-2525,-2520,-2516,-2511,-2512,-2512,-2507,-2502,-2497,-2492,-2493,-2488,-2489,-2484,-2479,-2480,-2475,-2471,-2471,-2467,-2468,-2463,-2464,-2459,-2454,-2449,-2444,-2445,-2440,-2435,-2436,-2431,-2426,-2427,-2422,-2423,-2417,-2412,-2407,-2403,-2398,-2399,-2394,-2395,-2396,-2397,-2398,-2393,-2394,-2389,-2385,-2380,-2375,-2370,-2365,-2360,-2356,-2357,-2352,-2348,-2343,-2344,-2339,-2334,-2335,-2330,-2331,-2326,-2321,-2316,-2312,-2307,-2302,-2297,-2292,-2293,-2288,-2283,-2284,-2279,-2274,-2275,-2276,-2277,-2278,-2273,-2273,-2268,-2269,-2270,-2265,-2260,-2261,-2256,-2251,-2246,-2241,-2236,-2231,-2226,-2221,-2222,-2217,-2218,-2219,-2220,-2221,-2216,-2211,-2206,-2201,-2195,-2190,-2185,-2180,-2175,-2170,-2165,-2166,-2166,-2164,-2164,-2160,-2156,-2151,-2151,-2146,-2141,-2136,-2131,-2126,-2121,-2121,-2122,-2117,-2112,-2107,-2102,-2097,-2092,-2087,-2082,-2077,-2072,-2073,-2074,-2069,-2070,-2070,-2066,-2061,-2061,-2062,-2057,-2053,-2048,-2043,-2038,-2033,-2028,-2023,-2019,-2014,-2009,-2004,-2005,-2000,-1996,-1996,-1992,-1987,-1982,-1978,-1973,-1968,-1964,-1959,-1954,-1950,-1950,-1946,-1947,-1942,-1937,-1938,-1934,-1929,-1925,-1920,-1916,-1911,-1912,-1907,-1903,-1898,-1894,-1889,-1885,-1886,-1881,-1877,-1873,-1868,-1864,-1859,-1855,-1851,-1846,-1847,-1843,-1839,-1834,-1830,-1831,-1827,-1822,-1818,-1819,-1815,-1810,-1806,-1802,-1798,-1793,-1789,-1790,-1786,-1782,-1778,-1774,-1769,-1765,-1739,-1739,-1739,-1739,-1739,-1739,-1739,-1739,-1739,-1719,-1699,-1679,-1659,-1639,-1619,-1599,-1579,-1559,-1539,-1519,-1499,-1479,-1459,-1439,-1420,-1400,-1380,-1360,-1340,-1320,-1301,-1281,-1261,-1241,-1221,-1202,-1182,-1162,-1142,-1123,-1103,-1083,-1064,-1044,-1024,-1005,-985,-965,-966,-947,-927,-907,-888,-868,-849,-829,-810,-790,-770,-751,-731,-712,-692,-673,-653,-634,-615,-595,-576,-556,-537,-517,-498,-499,-480,-460,-441,-422,-402,-383,-364,-344,-325,-306,-286,-267,-248,-229,-209,-190,-171,-152,-133,-113,-94,-75,-56,-37,-18,0
-4041,-4042,-4043,-4044,-4045,-4046,-4047,-4048,-4049,-4050,-4050,-4051,-4052,-4053,-4054,-4055,-4056,-4057,-4058,-4059,-4059,-4060,-4061,-4062,-4063,-4064,-4065,-4066,-4067,-4068,-4068,-4069,-4070,-4071,-4072,-4073,-4074,-4075,-4076,-4077,-4077,-4078,-4079,-4080,-4081,-4082,-4083,-4084,-4085,-4086,-4086,-4087,-4088,-4089,-4090,-4091,-4092,-4093,-4094,-4081,-4082,-4083,-4084,-4072,-4073,-4073,-4074,-4064,-4065,-4065,-4066,-4067,-4068,-4069,-4070,-4071,-4072,-4073,-4074,-4074,-4075,-4076,-4077,-4078,-4079,-4080,-4081,-4082,-4083,-4083,-4084,-4085,-4086,-4087,-4088,-4089,-4078,-4079,-4080,-4081,-4082,-4083,-4071,-4059,-4060,-4061,-4062,-4063,-4064,-4064,-4065,-4066,-4067,-4068,-4069,-4070,-4071,-4072,-4073,-4073,-4074,-4075,-4065,-4066,-4067,-4055,-4056,-4057,-4058,-4046,-4047,-4035,-4036,-4037,-4025,-4026,-4027,-4028,-4029,-4030,-4031,-4031,-4032,-4033,-4034,-4035,-4036,-4037,-4026,-4014,-4015,-4016,-4017,-4018,-4007,-4007,-4008,-4009,-4010,-4011,-4012,-4013,-4014,-4015,-4016,-4016,-4017,-4018,-4019,-4008,-4009,-4010,-4011,-4012,-4013,-4014,-4015,-4016,-4017,-4017,-4018,-4019,-4008,-4009,-4010,-4011,-4012,-4013,-4014,-4015,-4003,-4004,-4005,-4006,-4007,-4008,-4009,-4009,-4010,-3999,-4000,-4001,-4002,-3990,-3979,-3967,-3956,-3957,-3958,-3959,-3960,-3961,-3949,-3938,-3926,-3927,-3928,-3917,-3906,-3895,-3896,-3896,-3897,-3898,-3887,-3888,-3876,-3877,-3866,-3854,-3855,-3856,-3857,-3846,-3847,-3848,-3849,-3849,-3850,-3851,-3852,-3853,-3854,-3843,-3844,-3845,-3833,-3834,-3835,-3824,-3825,-3826,-3815,-3815,-3816,-3817,-3818,-3807,-3796,-3784,-3785,-3786,-3775,-3776,-3776,-3777,-3778,-3779,-3780,-3781,-3782,-3783,-3784,-3785,-3785,-3786,-3787,-3776,-3777,-3778,-3770,-3770,-3771,-3772,-3773,-3774,-3770,-3759,-3747,-3748,-3737,-3738,-3739,-3740,-3741,-3742,-3743,-3731,-3732,-3733,-3722,-3723,-3724,-3725,-3726,-3715,-3715,-3704,-3705,-3706,-3695,-3696,-3697,-3698,-3699,-3700,-3701,-3702,-3702,-3703,-3692,-3693,-3694,-3695,-3684,-3685,-3686,-3687,-3676,-3677,-3666,-3655,-3656,-3657,-3658,-3647,-3637,-3626,-3615,-3616,-3617,-3606,-3607,-3596,-3586,-3587,-3576,-3577,-3578,-3579,-3580,-3569,-3570,-3571,-3572,-3573,-3562,-3563,-3564,-3565,-3554,-3555,-3545,-3546,-3546,-3547,-3537,-3538,-3539,-3528,-3518,-3519,-3508,-3509,-3499,-3489,-3489,-3490,-3480,-3481,-3482,-3483,-3472,-3462,-3463,-3453,-3443,-3432,-3422,-3412,-3413,-3403,-3392,-3393,-3394,-3395,-3396,-3397,-3398,-3388,-3389,-3378,-3379,-3380,-3370,-3371,-3372,-3362,-3363,-3364,-3365,-3366,-3366,-3367,-3357,-3347,-3348,-3338,-3339,-3329,-3330,-3331,-3332,-3333,-3323,-3324,-3325,-3326,-3316,-3317,-3307,-3297,-3298,-3299,-3300,-3301,-3291,-3292,-3282,-3273,-3263,-3253,-3254,-3255,-3256,-3246,-3237,-3237,-3228,-3229,-3230,-3231,-3221,-3222,-3223,-3213,-3204,-3194,-3185,-3175,-3166,-3156,-3147,-3137,-3128,-3128,-3129,-3120,-3121,-3111,-3112,-3103,-3094,-3084,-3075,-3065,-3066,-3057,-3058,-3049,-3039,-3040,-3041,-3042,-3043,-3044,-3035,-3025,-3026,-3017,-3018,-3019,-3010,-3010,-3001,-3002,-2993,-2984,-2985,-2976,-2977,-2952,-2953,-2948,-2943,-2944,-2945,-2940,-2935,-2936,-2937,-2938,-2939,-2934,-2928,-2929,-2924,-2918,-2919,-2915,-2915,-2910,-2911,-2906,-2907,-2901,-2896,-2891,-2892,-2893,-2894,-2888,-2889,-2890,-2891,-2892,-2887,-2882,-2876,-2872,-2867,-2862,-2863,-2864,-2864,-2859,-2860,-2861,-2862,-2857,-2852,-2847,-2842,-2843,-2844,-2845,-2846,-2841,-2836,-2831,-2832,-2833,-2828,-2829,-2830,-2825,-2819,-2820,-2815,-2816,-2812,-2812,-2813,-2814,-2815,-2812,-2807,-2802,-2803,-2804,-2799,-2794,-2788,-2783,-2784,-2779,-2774,-2775,-2770,-2771,-2766,-2761,-2761,-2762,-2763,-2758,-2759,-2760,-2755,-2750,-2745,-2746,-2741,-2742,-2743,-2738,-2739,-2739,-2734,-2735,-2730,-2725,-2726,-2721,-2716,-2711,-2706,-2702,-2697,-2693,-2688,-2684,-2685,-2680,-2675,-2670,-2665,-2660,-2661,-2656,-2657,-2652,-2647,-2642,-2637,-2638,-2639,-2635,-2630,-2625,-2620,-2615,-2609,-2604,-2599,-2594,-2589,-2590,-2591,-2585,-2581,-2576,-2571,-2566,-2561,-2562,-2563,-2558,-2559,-2554,-2555,-2550,-2551,-2552,-2547,-2548,-2549,-2544,-2539,-2535,-2530,-2525,-2526,-2527,-2522,-2516,-2511,-2506,-2507,-2502,-2503,-2498,-2493,-2494,-2490,-2485,-2486,-2481,-2482,-2478,-2479,-2474,-2468,-2463,-2458,-2459,-2454,-2449,-2450,-2445,-2440,-2441,-2436,-2437,-2432,-2426,-2422,-2417,-2413,-2414,-2409,-2410,-2411,-2411,-2412,-2408,-2408,-2404,-2399,-2394,-2389,-2384,-2380,-2375,-2370,-2371,-2367,-2362,-2357,-2358,-2353,-2348,-2349,-2344,-2345,-2340,-2336,-2331,-2326,-2321,-2316,-2311,-2306,-2307,-2302,-2297,-2298,-2293,-2288,-2289,-2290,-2291,-2292,-2287,-2288,-2283,-2283,-2284,-2279,-2274,-2275,-2270,-2265,-2260,-2255,-2250,-2245,-2240,-2235,-2236,-2231,-2232,-2233,-2234,-2235,-2230,-2225,-2220,-2215,-2209,-2204,-2199,-2194,-2189,-2184,-2182,-2183,-2183,-2183,-2179,-2175,-2170,-2164,-2165,-2160,-2155,-2150,-2145,-2140,-2135,-2135,-2136,-2131,-2126,-2121,-2116,-2111,-2106,-2101,-2096,-2091,-2086,-2087,-2088,-2083,-2084,-2085,-2080,-2075,-2076,-2077,-2072,-2067,-2062,-2057,-2052,-2047,-2043,-2038,-2033,-2028,-2023,-2019,-2019,-2015,-2010,-2011,-2006,-2001,-1997,-1992,-1987,-1983,-1978,-1973,-1969,-1964,-1965,-1960,-1961,-1957,-1952,-1953,-1948,-1944,-1939,-1935,-1930,-1926,-1927,-1922,-1918,-1913,-1909,-1904,-1900,-1901,-1896,-1892,-1887,-1883,-1879,-1874,-1870,-1865,-1861,-1862,-1858,-1853,-1849,-1845,-1846,-1841,-1837,-1833,-1834,-1829,-1825,-1821,-1817,-1813,-1808,-1804,-1805,-1801,-1797,-1793,-1789,-1784,-1780,-1758,-1758,-1758,-1758,-1758,-1758,-1758,-1758,-1738,-1718,-1698,-1678,-1658,-1638,-1618,-1598,-1578,-1558,-1538,-1518,-1498,-1478,-1459,-1439,-1419,-1399,-1379,-1359,-1339,-1320,-1300,-1280,-1260,-1241,-1221,-1201,-1181,-1162,-1142,-1122,-1102,-1083,-1063,-1043,-1024,-1004,-984,-965,-966,-946,-926,-907,-887,-868,-848,-829,-809,-790,-770,-751,-731,-712,-692,-673,-653,-634,-614,-595,-575,-556,-537,-517,-498,-499,-479,-460,-441,-421,-402,-383,-363,-344,-325,-306,-286,-267,-248,-229,-209,-190,-171,-152,-133,-113,-94,-75,-56,-37,-18,0
-4048,-4048,-4049,-4050,-4051,-4052,-4053,-4054,-4055,-4056,-4057,-4058,-4059,-4059,-4060,-4061,-4062,-4063,-4064,-4065,-4066,-4067,-4068,-4069,-4069,-4070,-4071,-4072,-4073,-4074,-4075,-4076,-4077,-4078,-4079,-4079,-4080,-4081,-4082,-4083,-4084,-4085,-4086,-4087,-4088,-4089,-4089,-4090,-4091,-4092,-4093,-4094,-4095,-4096,-4097,-4098,-4099,-4099,-4100,-4088,-4089,-4090,-4091,-4080,-4081,-4082,-4083,-4072,-4073,-4074,-4074,-4075,-4076,-4077,-4078,-4079,-4080,-4081,-4082,-4083,-4084,-4084,-4085,-4086,-4087,-4088,-4089,-4090,-4091,-4092,-4093,-4094,-4094,-4095,-4096,-4097,-4086,-4086,-4087,-4088,-4089,-4090,-4078,-4068,-4069,-4069,-4070,-4071,-4072,-4073,-4074,-4075,-4076,-4077,-4078,-4079,-4079,-4080,-4081,-4082,-4083,-4084,-4073,-4073,-4074,-4062,-4063,-4064,-4065,-4053,-4054,-4042,-4043,-4044,-4033,-4034,-4035,-4036,-4037,-4038,-4039,-4040,-4041,-4042,-4042,-4043,-4044,-4045,-4033,-4022,-4023,-4024,-4025,-4026,-4015,-4016,-4017,-4018,-4018,-4019,-4020,-4021,-4022,-4023,-4024,-4025,-4026,-4027,-4028,-4016,-4017,-4018,-4019,-4020,-4021,-4022,-4023,-4024,-4025,-4026,-4026,-4027,-4016,-4017,-4018,-4019,-4020,-4020,-4021,-4022,-4011,-4012,-4013,-4013,-4014,-4015,-4016,-4017,-4018,-4007,-4008,-4008,-4009,-3998,-3987,-3975,-3964,-3965,-3966,-3966,-3967,-3968,-3957,-3946,-3934,-3935,-3936,-3925,-3914,-3902,-3903,-3904,-3905,-3906,-3895,-3895,-3884,-3885,-3874,-3862,-3863,-3864,-3865,-3854,-3855,-3855,-3856,-3857,-3858,-3859,-3860,-3861,-3862,-3850,-3851,-3852,-3841,-3842,-3843,-3832,-3833,-3834,-3822,-3823,-3824,-3825,-3826,-3815,-3803,-3792,-3793,-3794,-3782,-3783,-3784,-3785,-3786,-3787,-3788,-3789,-3790,-3791,-3791,-3792,-3793,-3794,-3795,-3787,-3788,-3789,-3784,-3785,-3786,-3787,-3788,-3789,-3778,-3767,-3755,-3756,-3745,-3746,-3747,-3748,-3749,-3750,-3750,-3739,-3740,-3741,-3730,-3731,-3732,-3733,-3734,-3723,-3724,-3713,-3713,-3714,-3703,-3704,-3705,-3706,-3707,-3708,-3709,-3710,-3711,-3712,-3701,-3702,-3702,-3703,-3692,-3693,-3694,-3695,-3684,-3685,-3675,-3664,-3665,-3666,-3666,-3656,-3645,-3634,-3624,-3624,-3625,-3615,-3616,-3605,-3594,-3595,-3584,-3585,-3586,-3587,-3588,-3578,-3578,-3579,-3580,-3581,-3571,-3572,-3572,-3573,-3563,-3564,-3553,-3554,-3555,-3556,-3546,-3547,-3547,-3537,-3527,-3528,-3517,-3518,-3508,-3497,-3498,-3499,-3489,-3490,-3491,-3492,-3481,-3471,-3472,-3462,-3451,-3441,-3431,-3421,-3422,-3411,-3401,-3402,-3403,-3404,-3405,-3406,-3407,-3397,-3398,-3387,-3388,-3389,-3379,-3380,-3381,-3371,-3372,-3373,-3374,-3375,-3376,-3376,-3367,-3357,-3357,-3348,-3348,-3339,-3339,-3340,-3341,-3342,-3332,-3333,-3334,-3335,-3325,-3326,-3316,-3307,-3307,-3308,-3309,-3310,-3300,-3301,-3292,-3282,-3272,-3263,-3263,-3264,-3265,-3256,-3246,-3247,-3237,-3238,-3239,-3240,-3230,-3231,-3232,-3223,-3213,-3204,-3194,-3185,-3175,-3166,-3156,-3147,-3137,-3138,-3139,-3130,-3131,-3121,-3122,-3113,-3103,-3094,-3085,-3075,-3076,-3067,-3068,-3058,-3049,-3050,-3051,-3052,-3053,-3054,-3044,-3035,-3036,-3027,-3028,-3029,-3019,-3020,-3011,-3012,-3003,-2994,-2995,-2986,-2987,-2966,-2967,-2962,-2957,-2958,-2959,-2954,-2949,-2950,-2951,-2952,-2953,-2947,-2942,-2943,-2938,-2933,-2934,-2928,-2929,-2924,-2925,-2919,-2920,-2915,-2910,-2905,-2906,-2906,-2907,-2902,-2903,-2904,-2905,-2906,-2901,-2896,-2891,-2886,-2881,-2876,-2877,-2877,-2878,-2873,-2874,-2875,-2876,-2871,-2866,-2861,-2856,-2857,-2858,-2859,-2860,-2855,-2850,-2845,-2846,-2847,-2842,-2843,-2844,-2839,-2834,-2834,-2830,-2831,-2827,-2828,-2829,-2830,-2831,-2826,-2821,-2816,-2817,-2818,-2813,-2808,-2802,-2797,-2798,-2793,-2788,-2789,-2784,-2785,-2780,-2775,-2776,-2777,-2777,-2772,-2773,-2774,-2769,-2764,-2759,-2760,-2755,-2756,-2757,-2752,-2752,-2753,-2748,-2749,-2744,-2739,-2740,-2735,-2730,-2725,-2721,-2716,-2712,-2707,-2703,-2698,-2699,-2694,-2689,-2684,-2679,-2674,-2675,-2670,-2671,-2666,-2661,-2656,-2652,-2653,-2654,-2649,-2644,-2639,-2634,-2629,-2623,-2618,-2613,-2608,-2603,-2604,-2604,-2600,-2595,-2590,-2585,-2580,-2576,-2577,-2578,-2573,-2573,-2568,-2569,-2564,-2565,-2566,-2561,-2562,-2563,-2558,-2554,-2549,-2544,-2539,-2540,-2541,-2536,-2531,-2525,-2520,-2521,-2516,-2517,-2512,-2508,-2509,-2504,-2499,-2500,-2496,-2497,-2492,-2493,-2488,-2482,-2477,-2472,-2473,-2468,-2463,-2464,-2459,-2454,-2455,-2450,-2451,-2446,-2441,-2436,-2432,-2427,-2428,-2423,-2424,-2425,-2426,-2427,-2422,-2423,-2418,-2413,-2408,-2404,-2399,-2394,-2389,-2385,-2386,-2381,-2377,-2372,-2372,-2368,-2363,-2364,-2359,-2360,-2355,-2350,-2345,-2340,-2335,-2330,-2325,-2320,-2321,-2316,-2311,-2312,-2307,-2302,-2303,-2304,-2305,-2306,-2301,-2302,-2297,-2298,-2298,-2293,-2288,-2289,-2285,-2280,-2275,-2269,-2265,-2259,-2254,-2249,-2250,-2245,-2246,-2247,-2248,-2249,-2244,-2239,-2234,-2228,-2223,-2218,-2213,-2208,-2203,-2201,-2201,-2201,-2202,-2198,-2194,-2189,-2184,-2178,-2179,-2174,-2169,-2164,-2159,-2154,-2149,-2149,-2150,-2145,-2140,-2135,-2130,-2125,-2120,-2115,-2110,-2105,-2100,-2101,-2102,-2097,-2098,-2099,-2094,-2089,-2090,-2091,-2086,-2081,-2076,-2071,-2066,-2062,-2057,-2052,-2047,-2042,-2038,-2033,-2034,-2029,-2024,-2025,-2020,-2016,-2011,-2006,-2002,-1997,-1992,-1988,-1983,-1978,-1979,-1975,-1976,-1971,-1967,-1967,-1963,-1958,-1954,-1949,-1945,-1940,-1941,-1937,-1932,-1928,-1923,-1919,-1914,-1915,-1911,-1906,-1902,-1898,-1893,-1889,-1885,-1880,-1876,-1877,-1872,-1868,-1864,-1860,-1860,-1856,-1852,-1848,-1849,-1844,-1840,-1836,-1832,-1827,-1823,-1819,-1820,-1816,-1812,-1808,-1804,-1799,-1795,-1777,-1777,-1777,-1777,-1777,-1777,-1777,-1757,-1737,-1717,-1697,-1677,-1657,-1637,-1617,-1597,-1577,-1557,-1537,-1517,-1498,-1478,-1458,-1438,-1418,-1398,-1378,-1359,-1339,-1319,-1299,-1279,-1260,-1240,-1220,-1200,-1181,-1161,-1141,-1121,-1102,-1082,-1062,-1043,-1023,-1004,-984,-964,-965,-946,-926,-906,-887,-867,-848,-828,-809,-789,-770,-750,-731,-711,-692,-672,-653,-633,-614,-594,-575,-556,-536,-517,-498,-498,-479,-460,-440,-421,-402,-382,-363,-344,-325,-305,-286,-267,-248,-228,-209,-190,-171,-152,-133,-113,-94,-75,-56,-37,-18,0
-4054,-4055,-4056,-4056,-4057,-4058,-4059,-4060,-4061,-4062,-4063,-4064,-4065,-4066,-4067,-4067,-4068,-4069,-4070,-4071,-4072,-4073,-4074,-4075,-4076,-4077,-4078,-4079,-4079,-4080,-4081,-4082,-4083,-4084,-4085,-4086,-4087,-4088,-4089,-4090,-4090,-4091,-4092,-4093,-4094,-4095,-4096,-4097,-4098,-4099,-4100,-4101,-4102,-4102,-4103,-4104,-4105,-4106,-4107,-4096,-4097,-4098,-4099,-4088,-4089,-4090,-4091,-4079,-4080,-4081,-4082,-4083,-4083,-4084,-4085,-4086,-4087,-4088,-4089,-4090,-4091,-4092,-4093,-4094,-4095,-4095,-4096,-4097,-4098,-4099,-4100,-4101,-4102,-4103,-4104,-4105,-4093,-4094,-4094,-4095,-4096,-4097,-4087,-4075,-4076,-4077,-4078,-4079,-4080,-4081,-4081,-4082,-4083,-4084,-4085,-4086,-4087,-4088,-4089,-4090,-4091,-4092,-4080,-4081,-4082,-4070,-4071,-4072,-4072,-4061,-4062,-4051,-4052,-4052,-4041,-4042,-4042,-4043,-4044,-4045,-4046,-4047,-4048,-4049,-4050,-4051,-4052,-4053,-4041,-4030,-4031,-4032,-4033,-4034,-4023,-4024,-4025,-4025,-4026,-4027,-4028,-4029,-4030,-4031,-4032,-4033,-4034,-4035,-4036,-4024,-4025,-4026,-4027,-4028,-4029,-4029,-4030,-4031,-4032,-4033,-4034,-4035,-4023,-4024,-4025,-4026,-4027,-4028,-4029,-4030,-4018,-4019,-4020,-4021,-4022,-4023,-4024,-4025,-4026,-4014,-4015,-4016,-4017,-4006,-3994,-3983,-3971,-3972,-3973,-3974,-3975,-3976,-3965,-3954,-3942,-3943,-3944,-3933,-3921,-3910,-3911,-3912,-3913,-3914,-3902,-3903,-3892,-3893,-3881,-3870,-3871,-3872,-3873,-3861,-3862,-3863,-3864,-3865,-3866,-3867,-3868,-3869,-3870,-3859,-3860,-3860,-3849,-3850,-3851,-3840,-3840,-3841,-3830,-3831,-3832,-3833,-3834,-3822,-3811,-3800,-3801,-3801,-3793,-3794,-3795,-3796,-3797,-3798,-3799,-3799,-3800,-3801,-3802,-3803,-3804,-3805,-3806,-3802,-3803,-3804,-3792,-3793,-3794,-3795,-3796,-3797,-3786,-3774,-3763,-3764,-3753,-3754,-3755,-3756,-3757,-3757,-3758,-3747,-3748,-3749,-3738,-3739,-3740,-3741,-3742,-3731,-3732,-3721,-3721,-3722,-3711,-3712,-3713,-3714,-3715,-3716,-3717,-3718,-3719,-3720,-3709,-3710,-3711,-3712,-3701,-3702,-3703,-3703,-3693,-3694,-3683,-3672,-3673,-3674,-3675,-3664,-3653,-3643,-3632,-3633,-3634,-3623,-3624,-3613,-3603,-3604,-3593,-3594,-3595,-3596,-3597,-3586,-3587,-3588,-3589,-3590,-3579,-3580,-3581,-3582,-3571,-3572,-3562,-3563,-3564,-3565,-3554,-3555,-3556,-3546,-3535,-3536,-3526,-3527,-3516,-3506,-3507,-3508,-3498,-3499,-3499,-3500,-3490,-3480,-3481,-3471,-3460,-3450,-3440,-3430,-3431,-3420,-3410,-3411,-3412,-3413,-3414,-3415,-3416,-3406,-3407,-3396,-3397,-3398,-3388,-3389,-3390,-3380,-3381,-3382,-3383,-3384,-3385,-3386,-3376,-3366,-3367,-3357,-3358,-3348,-3349,-3350,-3351,-3351,-3342,-3342,-3343,-3344,-3335,-3335,-3326,-3316,-3317,-3318,-3319,-3320,-3310,-3311,-3301,-3291,-3282,-3272,-3273,-3274,-3275,-3265,-3255,-3256,-3247,-3248,-3249,-3250,-3240,-3241,-3242,-3232,-3223,-3213,-3204,-3194,-3185,-3175,-3166,-3156,-3147,-3148,-3149,-3139,-3140,-3131,-3132,-3122,-3113,-3104,-3094,-3085,-3086,-3077,-3077,-3068,-3059,-3060,-3061,-3062,-3063,-3063,-3054,-3045,-3046,-3037,-3038,-3039,-3029,-3030,-3021,-3022,-3013,-3004,-3005,-2996,-2997,-2980,-2981,-2976,-2972,-2973,-2973,-2968,-2963,-2964,-2965,-2966,-2966,-2961,-2956,-2957,-2952,-2946,-2947,-2942,-2943,-2938,-2938,-2933,-2934,-2929,-2924,-2919,-2920,-2920,-2921,-2916,-2917,-2918,-2919,-2920,-2915,-2910,-2905,-2900,-2895,-2890,-2891,-2891,-2892,-2888,-2889,-2889,-2890,-2885,-2881,-2875,-2871,-2871,-2872,-2873,-2874,-2869,-2864,-2859,-2860,-2861,-2856,-2857,-2858,-2853,-2848,-2849,-2845,-2846,-2842,-2842,-2843,-2844,-2845,-2840,-2835,-2830,-2831,-2832,-2827,-2821,-2816,-2811,-2812,-2807,-2802,-2803,-2798,-2799,-2794,-2789,-2790,-2791,-2791,-2787,-2787,-2788,-2783,-2778,-2773,-2774,-2769,-2770,-2771,-2765,-2766,-2767,-2762,-2763,-2758,-2753,-2754,-2749,-2744,-2740,-2735,-2731,-2726,-2722,-2717,-2712,-2713,-2708,-2703,-2698,-2693,-2688,-2689,-2684,-2685,-2680,-2675,-2672,-2666,-2667,-2668,-2663,-2658,-2653,-2648,-2642,-2637,-2632,-2627,-2622,-2617,-2618,-2619,-2614,-2609,-2604,-2599,-2595,-2590,-2591,-2592,-2587,-2588,-2583,-2583,-2578,-2579,-2580,-2575,-2576,-2577,-2573,-2568,-2563,-2558,-2553,-2554,-2555,-2550,-2545,-2539,-2534,-2535,-2530,-2531,-2527,-2523,-2523,-2518,-2514,-2515,-2510,-2511,-2506,-2507,-2502,-2496,-2491,-2486,-2487,-2482,-2477,-2478,-2473,-2468,-2469,-2464,-2465,-2460,-2455,-2451,-2446,-2441,-2442,-2437,-2438,-2439,-2440,-2441,-2436,-2437,-2432,-2427,-2423,-2418,-2413,-2408,-2404,-2399,-2400,-2396,-2391,-2386,-2387,-2382,-2377,-2378,-2373,-2374,-2369,-2364,-2359,-2354,-2349,-2344,-2339,-2334,-2335,-2330,-2325,-2326,-2321,-2316,-2317,-2318,-2319,-2320,-2315,-2316,-2311,-2312,-2313,-2308,-2303,-2304,-2299,-2294,-2289,-2284,-2279,-2273,-2269,-2263,-2264,-2259,-2260,-2261,-2262,-2263,-2258,-2253,-2248,-2242,-2237,-2232,-2227,-2222,-2220,-2220,-2215,-2216,-2217,-2213,-2208,-2203,-2197,-2192,-2193,-2188,-2183,-2178,-2173,-2168,-2163,-2163,-2164,-2159,-2154,-2149,-2144,-2139,-2134,-2129,-2124,-2119,-2114,-2115,-2116,-2111,-2112,-2113,-2108,-2103,-2104,-2105,-2100,-2095,-2090,-2086,-2081,-2076,-2071,-2066,-2062,-2057,-2052,-2047,-2048,-2043,-2039,-2040,-2035,-2030,-2025,-2021,-2016,-2011,-2007,-2002,-1998,-1993,-1994,-1989,-1990,-1986,-1981,-1982,-1977,-1973,-1968,-1964,-1959,-1955,-1956,-1951,-1947,-1942,-1938,-1933,-1929,-1930,-1925,-1921,-1917,-1912,-1908,-1904,-1899,-1895,-1891,-1891,-1887,-1883,-1879,-1874,-1875,-1871,-1867,-1862,-1863,-1859,-1855,-1851,-1847,-1842,-1838,-1834,-1835,-1831,-1827,-1823,-1818,-1814,-1810,-1796,-1796,-1796,-1796,-1796,-1796,-1776,-1756,-1736,-1716,-1696,-1676,-1656,-1636,-1616,-1596,-1576,-1556,-1536,-1517,-1497,-1477,-1457,-1437,-1417,-1397,-1378,-1358,-1338,-1318,-1298,-1279,-1259,-1239,-1219,-1200,-1180,-1160,-1141,-1121,-1101,-1082,-1062,-1042,-1023,-1003,-983,-964,-965,-945,-925,-906,-886,-867,-847,-828,-808,-789,-769,-750,-730,-711,-691,-672,-652,-633,-614,-594,-575,-555,-536,-517,-497,-498,-479,-460,-440,-421,-402,-382,-363,-344,-324,-305,-286,-267,-248,-228,-209,-190,-171,-152,-132,-113,-94,-75,-56,-37,-18,0
-4061,-4062,-4063,-4064,-4065,-4066,-4067,-4068,-4069,-4070,-4071,-4072,-4073,-4074,-4075,-4075,-4076,-4077,-4078,-4079,-4080,-4081,-4082,-4083,-4084,-4085,-4086,-4087,-4088,-4088,-4089,-4090,-4091,-4092,-4093,-4094,-4095,-4096,-4097,-4098,-4099,-4100,-4101,-4101,-4102,-4103,-4104,-4105,-4106,-4107,-4108,-4109,-4110,-4111,-4112,-4113,-4114,-4114,-4115,-4104,-4105,-4106,-4107,-4095,-4096,-4097,-4098,-4086,-4087,-4088,-4088,-4089,-4090,-4091,-4092,-4093,-4094,-4095,-4096,-4097,-4098,-4099,-4100,-4101,-4101,-4102,-4103,-4104,-4105,-4106,-4107,-4108,-4109,-4110,-4111,-4112,-4101,-4102,-4103,-4104,-4105,-4106,-4094,-4082,-4083,-4084,-4085,-4086,-4087,-4088,-4089,-4089,-4090,-4091,-4092,-4093,-4094,-4095,-4096,-4097,-4098,-4099,-4087,-4088,-4089,-4077,-4078,-4079,-4080,-4069,-4070,-4058,-4059,-4060,-4048,-4049,-4050,-4051,-4052,-4053,-4054,-4055,-4056,-4056,-4057,-4058,-4059,-4060,-4049,-4038,-4039,-4040,-4041,-4042,-4030,-4031,-4032,-4033,-4034,-4035,-4036,-4036,-4037,-4038,-4039,-4040,-4041,-4042,-4043,-4031,-4032,-4033,-4034,-4035,-4036,-4037,-4038,-4039,-4040,-4041,-4042,-4042,-4031,-4032,-4033,-4034,-4035,-4036,-4036,-4037,-4026,-4027,-4028,-4029,-4030,-4031,-4031,-4032,-4033,-4022,-4023,-4024,-4025,-4013,-4002,-3990,-3979,-3980,-3981,-3982,-3983,-3984,-3973,-3961,-3950,-3951,-3952,-3940,-3929,-3918,-3918,-3919,-3920,-3921,-3910,-3911,-3899,-3900,-3889,-3878,-3878,-3879,-3880,-3869,-3870,-3871,-3872,-3873,-3874,-3875,-3876,-3877,-3878,-3866,-3867,-3868,-3857,-3858,-3859,-3847,-3848,-3849,-3838,-3839,-3840,-3841,-3841,-3830,-3819,-3810,-3811,-3812,-3808,-3809,-3810,-3811,-3811,-3812,-3813,-3814,-3815,-3816,-3817,-3818,-3819,-3820,-3821,-3809,-3810,-3811,-3800,-3801,-3802,-3803,-3804,-3805,-3793,-3782,-3771,-3772,-3761,-3762,-3763,-3764,-3764,-3765,-3766,-3755,-3756,-3757,-3746,-3747,-3748,-3749,-3750,-3739,-3740,-3729,-3730,-3730,-3720,-3720,-3721,-3722,-3723,-3724,-3725,-3726,-3727,-3728,-3717,-3718,-3719,-3720,-3709,-3710,-3711,-3712,-3701,-3702,-3691,-3680,-3681,-3682,-3683,-3672,-3662,-3651,-3640,-3641,-3642,-3631,-3632,-3622,-3611,-3612,-3601,-3602,-3603,-3604,-3605,-3595,-3595,-3596,-3597,-3598,-3588,-3589,-3590,-3591,-3580,-3581,-3571,-3571,-3572,-3573,-3563,-3564,-3565,-3554,-3544,-3545,-3535,-3535,-3525,-3515,-3516,-3517,-3506,-3507,-3508,-3509,-3499,-3489,-3490,-3479,-3469,-3459,-3449,-3439,-3439,-3429,-3419,-3420,-3421,-3422,-3423,-3424,-3425,-3415,-3416,-3405,-3406,-3407,-3397,-3398,-3399,-3389,-3390,-3391,-3392,-3393,-3394,-3395,-3385,-3375,-3376,-3366,-3367,-3357,-3358,-3359,-3360,-3361,-3351,-3352,-3353,-3354,-3344,-3345,-3335,-3325,-3326,-3327,-3328,-3329,-3319,-3320,-3310,-3301,-3291,-3281,-3282,-3283,-3284,-3275,-3265,-3266,-3256,-3257,-3258,-3259,-3249,-3250,-3251,-3242,-3232,-3223,-3213,-3204,-3194,-3185,-3175,-3166,-3156,-3157,-3158,-3149,-3150,-3140,-3141,-3132,-3123,-3113,-3104,-3095,-3096,-3086,-3087,-3078,-3069,-3070,-3070,-3071,-3072,-3073,-3064,-3055,-3056,-3047,-3048,-3048,-3039,-3040,-3031,-3032,-3023,-3014,-3015,-3006,-3007,-2994,-2995,-2991,-2985,-2986,-2987,-2982,-2976,-2977,-2978,-2979,-2980,-2975,-2970,-2971,-2966,-2960,-2961,-2956,-2957,-2951,-2952,-2947,-2948,-2943,-2938,-2932,-2933,-2934,-2935,-2930,-2931,-2932,-2933,-2934,-2929,-2924,-2919,-2914,-2909,-2904,-2905,-2906,-2907,-2902,-2902,-2903,-2904,-2900,-2894,-2890,-2885,-2886,-2887,-2888,-2889,-2883,-2878,-2873,-2874,-2875,-2870,-2871,-2872,-2867,-2864,-2864,-2860,-2861,-2855,-2856,-2857,-2858,-2859,-2854,-2849,-2844,-2845,-2846,-2841,-2835,-2830,-2825,-2826,-2821,-2816,-2817,-2812,-2813,-2808,-2803,-2804,-2805,-2806,-2801,-2802,-2803,-2797,-2792,-2787,-2788,-2783,-2784,-2784,-2779,-2780,-2781,-2776,-2777,-2772,-2768,-2769,-2764,-2759,-2754,-2750,-2746,-2741,-2736,-2732,-2727,-2727,-2722,-2717,-2712,-2707,-2702,-2703,-2698,-2699,-2694,-2691,-2685,-2680,-2681,-2682,-2677,-2672,-2667,-2662,-2656,-2651,-2646,-2641,-2637,-2632,-2632,-2633,-2628,-2623,-2618,-2614,-2609,-2604,-2605,-2606,-2601,-2602,-2597,-2598,-2593,-2593,-2594,-2590,-2591,-2592,-2587,-2582,-2577,-2572,-2567,-2568,-2569,-2564,-2559,-2554,-2548,-2549,-2545,-2546,-2542,-2537,-2538,-2533,-2528,-2529,-2524,-2525,-2520,-2521,-2515,-2510,-2505,-2500,-2501,-2496,-2491,-2492,-2487,-2482,-2483,-2478,-2479,-2474,-2470,-2465,-2460,-2455,-2456,-2451,-2452,-2453,-2454,-2455,-2450,-2451,-2446,-2442,-2437,-2432,-2428,-2423,-2418,-2414,-2415,-2410,-2405,-2400,-2401,-2396,-2391,-2392,-2387,-2388,-2383,-2378,-2373,-2368,-2363,-2359,-2354,-2349,-2349,-2344,-2339,-2340,-2335,-2330,-2331,-2332,-2333,-2334,-2329,-2330,-2325,-2326,-2327,-2322,-2317,-2318,-2313,-2308,-2303,-2298,-2293,-2288,-2282,-2277,-2278,-2273,-2274,-2275,-2276,-2277,-2272,-2267,-2262,-2256,-2251,-2246,-2241,-2239,-2239,-2234,-2230,-2231,-2232,-2227,-2222,-2217,-2211,-2206,-2207,-2202,-2197,-2192,-2187,-2182,-2177,-2177,-2178,-2173,-2168,-2163,-2158,-2153,-2148,-2143,-2138,-2133,-2128,-2129,-2130,-2125,-2126,-2127,-2122,-2117,-2118,-2119,-2114,-2109,-2105,-2100,-2095,-2090,-2085,-2081,-2076,-2071,-2066,-2062,-2062,-2058,-2053,-2054,-2049,-2045,-2040,-2035,-2031,-2026,-2021,-2017,-2012,-2007,-2008,-2004,-2005,-2000,-1996,-1996,-1992,-1987,-1983,-1978,-1974,-1969,-1970,-1966,-1961,-1957,-1952,-1948,-1944,-1945,-1940,-1936,-1931,-1927,-1923,-1918,-1914,-1910,-1905,-1906,-1902,-1898,-1893,-1889,-1890,-1886,-1882,-1877,-1878,-1874,-1870,-1866,-1861,-1857,-1853,-1849,-1850,-1846,-1842,-1838,-1833,-1829,-1825,-1815,-1815,-1815,-1815,-1815,-1795,-1775,-1755,-1735,-1715,-1695,-1675,-1655,-1635,-1615,-1595,-1575,-1556,-1536,-1516,-1496,-1476,-1456,-1436,-1417,-1397,-1377,-1357,-1337,-1318,-1298,-1278,-1258,-1239,-1219,-1199,-1179,-1160,-1140,-1120,-1101,-1081,-1061,-1042,-1022,-1002,-983,-963,-964,-945,-925,-905,-886,-866,-847,-827,-808,-788,-769,-749,-730,-710,-691,-671,-652,-633,-613,-594,-574,-555,-536,-516,-497,-498,-479,-459,-440,-421,-401,-382,-363,-344,-324,-305,-286,-267,-247,-228,-209,-190,-171,-151,-132,-113,-94,-75,-56,-37,-18,0
-4069,-4070,-4071,-4072,-4073,-4074,-4075,-4075,-4076,-4077,-4078,-4079,-4080,-4081,-4082,-4083,-4084,-4085,-4086,-4087,-4088,-4089,-4090,-4090,-4091,-4092,-4093,-4094,-4095,-4096,-4097,-4098,-4099,-4100,-4101,-4102,-4103,-4104,-4105,-4106,-4106,-4107,-4108,-4109,-4110,-4111,-4112,-4113,-4114,-4115,-4116,-4117,-4118,-4119,-4120,-4121,-4121,-4122,-4123,-4111,-4112,-4113,-4114,-4102,-4103,-4104,-4105,-4094,-4095,-4096,-4097,-4098,-4099,-4100,-4100,-4101,-4102,-4103,-4104,-4105,-4106,-4107,-4108,-4109,-4110,-4111,-4112,-4113,-4114,-4115,-4116,-4116,-4117,-4118,-4119,-4120,-4108,-4109,-4110,-4111,-4112,-4113,-4101,-4089,-4090,-4091,-4092,-4093,-4094,-4095,-4096,-4097,-4097,-4098,-4099,-4100,-4101,-4102,-4103,-4104,-4105,-4106,-4094,-4095,-4096,-4085,-4086,-4087,-4088,-4076,-4077,-4065,-4066,-4067,-4056,-4057,-4058,-4059,-4060,-4061,-4062,-4063,-4064,-4065,-4066,-4066,-4067,-4068,-4057,-4045,-4046,-4047,-4048,-4049,-4037,-4038,-4039,-4040,-4041,-4042,-4043,-4044,-4045,-4046,-4047,-4048,-4048,-4049,-4050,-4039,-4040,-4041,-4042,-4042,-4043,-4044,-4045,-4046,-4047,-4048,-4049,-4050,-4038,-4039,-4040,-4041,-4042,-4043,-4044,-4045,-4033,-4034,-4035,-4036,-4037,-4038,-4039,-4040,-4041,-4030,-4030,-4031,-4032,-4021,-4010,-3998,-3987,-3988,-3989,-3990,-3991,-3992,-3980,-3969,-3958,-3959,-3960,-3948,-3937,-3925,-3926,-3927,-3928,-3929,-3918,-3918,-3907,-3908,-3897,-3886,-3886,-3887,-3888,-3877,-3878,-3879,-3880,-3881,-3882,-3882,-3883,-3884,-3885,-3874,-3875,-3876,-3864,-3865,-3866,-3855,-3856,-3857,-3845,-3846,-3847,-3848,-3849,-3838,-3829,-3825,-3826,-3827,-3815,-3816,-3817,-3818,-3819,-3820,-3821,-3822,-3823,-3824,-3825,-3826,-3827,-3828,-3828,-3817,-3818,-3819,-3808,-3809,-3810,-3811,-3812,-3812,-3801,-3790,-3779,-3780,-3769,-3770,-3771,-3771,-3772,-3773,-3774,-3763,-3764,-3765,-3754,-3755,-3756,-3757,-3758,-3747,-3748,-3737,-3738,-3739,-3728,-3729,-3729,-3730,-3731,-3732,-3733,-3734,-3735,-3736,-3725,-3726,-3727,-3728,-3717,-3718,-3719,-3720,-3709,-3710,-3699,-3689,-3690,-3691,-3691,-3681,-3670,-3659,-3649,-3650,-3651,-3640,-3641,-3630,-3620,-3620,-3610,-3611,-3612,-3613,-3614,-3603,-3604,-3605,-3606,-3607,-3596,-3597,-3598,-3599,-3589,-3590,-3579,-3580,-3581,-3582,-3572,-3572,-3573,-3563,-3553,-3554,-3543,-3544,-3534,-3524,-3524,-3525,-3515,-3516,-3517,-3518,-3508,-3497,-3498,-3488,-3478,-3468,-3458,-3447,-3448,-3438,-3428,-3429,-3430,-3431,-3432,-3433,-3434,-3424,-3425,-3414,-3415,-3416,-3406,-3407,-3408,-3398,-3399,-3400,-3401,-3402,-3403,-3404,-3394,-3384,-3385,-3375,-3376,-3366,-3367,-3368,-3369,-3370,-3360,-3361,-3362,-3363,-3353,-3354,-3344,-3334,-3335,-3336,-3337,-3338,-3329,-3329,-3320,-3310,-3300,-3291,-3292,-3293,-3294,-3284,-3274,-3275,-3266,-3267,-3268,-3269,-3259,-3260,-3261,-3251,-3242,-3232,-3223,-3213,-3204,-3194,-3185,-3176,-3166,-3167,-3168,-3159,-3160,-3150,-3151,-3142,-3132,-3123,-3114,-3104,-3105,-3096,-3097,-3088,-3078,-3079,-3080,-3081,-3082,-3083,-3074,-3065,-3066,-3056,-3057,-3058,-3049,-3050,-3041,-3042,-3033,-3024,-3025,-3016,-3017,-3009,-3010,-3004,-2999,-3000,-3001,-2996,-2990,-2991,-2992,-2993,-2994,-2989,-2984,-2985,-2979,-2974,-2975,-2970,-2971,-2965,-2966,-2961,-2962,-2957,-2951,-2946,-2947,-2948,-2949,-2944,-2945,-2946,-2947,-2948,-2943,-2938,-2933,-2928,-2923,-2918,-2919,-2920,-2921,-2916,-2917,-2918,-2919,-2913,-2909,-2904,-2899,-2900,-2901,-2901,-2902,-2897,-2892,-2887,-2888,-2889,-2884,-2885,-2886,-2883,-2878,-2879,-2874,-2875,-2869,-2870,-2871,-2872,-2873,-2868,-2863,-2858,-2859,-2860,-2854,-2849,-2844,-2839,-2840,-2835,-2830,-2831,-2826,-2827,-2822,-2817,-2818,-2819,-2820,-2814,-2815,-2816,-2811,-2806,-2801,-2802,-2797,-2798,-2798,-2793,-2794,-2795,-2790,-2791,-2787,-2782,-2783,-2778,-2773,-2769,-2765,-2760,-2755,-2751,-2746,-2741,-2741,-2736,-2731,-2726,-2721,-2716,-2717,-2712,-2713,-2710,-2705,-2699,-2694,-2695,-2696,-2691,-2686,-2681,-2675,-2670,-2665,-2660,-2656,-2651,-2646,-2647,-2647,-2642,-2638,-2633,-2628,-2623,-2618,-2619,-2620,-2615,-2616,-2611,-2612,-2607,-2608,-2609,-2604,-2605,-2606,-2601,-2596,-2591,-2586,-2581,-2582,-2583,-2578,-2573,-2567,-2563,-2564,-2560,-2561,-2556,-2551,-2552,-2547,-2542,-2543,-2538,-2539,-2534,-2535,-2529,-2524,-2519,-2514,-2515,-2510,-2505,-2506,-2501,-2496,-2497,-2492,-2493,-2489,-2484,-2479,-2474,-2470,-2471,-2466,-2467,-2468,-2468,-2469,-2465,-2466,-2461,-2456,-2451,-2447,-2442,-2437,-2433,-2428,-2429,-2424,-2419,-2414,-2415,-2410,-2405,-2406,-2401,-2402,-2397,-2392,-2387,-2382,-2378,-2373,-2368,-2363,-2363,-2358,-2353,-2354,-2349,-2344,-2345,-2346,-2347,-2348,-2343,-2344,-2339,-2340,-2341,-2336,-2331,-2332,-2327,-2322,-2317,-2312,-2307,-2302,-2296,-2291,-2292,-2287,-2288,-2289,-2290,-2291,-2286,-2281,-2276,-2270,-2265,-2260,-2258,-2258,-2254,-2249,-2244,-2245,-2246,-2241,-2236,-2230,-2225,-2220,-2221,-2216,-2211,-2206,-2201,-2196,-2191,-2191,-2192,-2187,-2182,-2177,-2172,-2167,-2162,-2157,-2152,-2147,-2142,-2143,-2144,-2139,-2140,-2141,-2136,-2132,-2132,-2133,-2129,-2124,-2119,-2114,-2109,-2104,-2100,-2095,-2090,-2085,-2081,-2076,-2077,-2072,-2067,-2068,-2064,-2059,-2054,-2050,-2045,-2040,-2036,-2031,-2026,-2022,-2023,-2018,-2019,-2015,-2010,-2011,-2006,-2002,-1997,-1993,-1988,-1984,-1985,-1980,-1976,-1972,-1967,-1963,-1958,-1959,-1955,-1950,-1946,-1942,-1937,-1933,-1929,-1924,-1920,-1921,-1917,-1912,-1908,-1904,-1905,-1901,-1896,-1892,-1893,-1889,-1885,-1881,-1876,-1872,-1868,-1864,-1865,-1861,-1857,-1853,-1848,-1844,-1840,-1834,-1834,-1834,-1834,-1814,-1794,-1774,-1754,-1734,-1714,-1694,-1674,-1654,-1634,-1614,-1595,-1575,-1555,-1535,-1515,-1495,-1475,-1455,-1436,-1416,-1396,-1376,-1356,-1337,-1317,-1297,-1277,-1258,-1238,-1218,-1198,-1179,-1159,-1139,-1120,-1100,-1080,-1061,-1041,-1021,-1002,-982,-963,-964,-944,-924,-905,-885,-866,-846,-827,-807,-788,-768,-749,-729,-710,-691,-671,-652,-632,-613,-593,-574,-555,-535,-516,-497,-498,-478,-459,-440,-420,-401,-382,-363,-343,-324,-305,-286,-266,-247,-228,-209,-190,-171,-151,-132,-113,-94,-75,-56,-37,-18,0
-4075,-4076,-4077,-4078,-4079,-4080,-4081,-4082,-4083,-4084,-4085,-4086,-4087,-4088,-4089,-4090,-4091,-4092,-4092,-4093,-4094,-4095,-4096,-4097,-4098,-4099,-4100,-4101,-4102,-4103,-4104,-4105,-4106,-4107,-4108,-4109,-4110,-4111,-4111,-4112,-4113,-4114,-4115,-4116,-4117,-4118,-4119,-4120,-4121,-4122,-4123,-4124,-4125,-4126,-4127,-4128,-4129,-4130,-4130,-4118,-4119,-4120,-4121,-4110,-4111,-4112,-4113,-4101,-4102,-4103,-4104,-4105,-4106,-4107,-4108,-4109,-4109,-4110,-4111,-4112,-4113,-4114,-4115,-4116,-4117,-4118,-4119,-4120,-4121,-4122,-4123,-4124,-4125,-4126,-4127,-4128,-4115,-4116,-4117,-4118,-4119,-4120,-4108,-4096,-4097,-4098,-4099,-4100,-4101,-4102,-4103,-4104,-4105,-4106,-4106,-4107,-4108,-4109,-4110,-4111,-4112,-4113,-4102,-4103,-4104,-4092,-4093,-4094,-4095,-4083,-4084,-4073,-4074,-4075,-4064,-4065,-4066,-4067,-4068,-4069,-4069,-4070,-4071,-4072,-4073,-4074,-4075,-4076,-4064,-4052,-4053,-4054,-4055,-4056,-4044,-4045,-4046,-4047,-4048,-4049,-4050,-4051,-4052,-4053,-4054,-4055,-4056,-4057,-4058,-4046,-4047,-4048,-4049,-4050,-4051,-4052,-4053,-4054,-4055,-4056,-4056,-4057,-4046,-4047,-4048,-4049,-4050,-4051,-4052,-4053,-4041,-4042,-4043,-4044,-4045,-4046,-4047,-4048,-4049,-4037,-4038,-4039,-4040,-4029,-4017,-4006,-3995,-3996,-3997,-3998,-3999,-3999,-3988,-3977,-3965,-3966,-3967,-3956,-3944,-3933,-3934,-3935,-3936,-3937,-3925,-3926,-3915,-3916,-3905,-3893,-3894,-3895,-3896,-3884,-3885,-3886,-3887,-3888,-3889,-3890,-3891,-3892,-3893,-3882,-3883,-3884,-3872,-3873,-3874,-3863,-3864,-3864,-3853,-3854,-3855,-3856,-3857,-3848,-3844,-3832,-3833,-3834,-3823,-3824,-3825,-3826,-3827,-3828,-3829,-3830,-3831,-3831,-3832,-3833,-3834,-3835,-3836,-3825,-3826,-3827,-3816,-3817,-3817,-3818,-3819,-3820,-3809,-3798,-3787,-3788,-3777,-3778,-3778,-3779,-3780,-3781,-3782,-3771,-3772,-3773,-3762,-3763,-3764,-3765,-3766,-3755,-3756,-3745,-3746,-3747,-3736,-3737,-3738,-3739,-3739,-3740,-3741,-3742,-3743,-3744,-3733,-3734,-3735,-3736,-3725,-3726,-3727,-3728,-3717,-3718,-3708,-3697,-3698,-3699,-3700,-3689,-3678,-3668,-3657,-3658,-3659,-3648,-3649,-3639,-3628,-3629,-3618,-3619,-3620,-3621,-3622,-3612,-3612,-3613,-3614,-3615,-3605,-3606,-3607,-3608,-3597,-3598,-3588,-3589,-3590,-3591,-3580,-3581,-3582,-3572,-3561,-3562,-3552,-3553,-3543,-3532,-3533,-3534,-3524,-3525,-3526,-3527,-3517,-3506,-3507,-3497,-3487,-3477,-3466,-3456,-3457,-3447,-3437,-3438,-3439,-3440,-3441,-3442,-3443,-3433,-3434,-3423,-3424,-3425,-3415,-3416,-3417,-3407,-3408,-3409,-3410,-3411,-3412,-3413,-3403,-3393,-3394,-3384,-3385,-3375,-3376,-3377,-3378,-3379,-3369,-3370,-3371,-3372,-3362,-3363,-3354,-3344,-3345,-3346,-3347,-3348,-3338,-3339,-3329,-3319,-3310,-3300,-3301,-3302,-3303,-3293,-3284,-3285,-3275,-3276,-3277,-3278,-3268,-3269,-3270,-3261,-3251,-3242,-3232,-3223,-3213,-3204,-3195,-3185,-3176,-3177,-3178,-3168,-3169,-3160,-3161,-3151,-3142,-3133,-3123,-3114,-3115,-3106,-3107,-3097,-3088,-3089,-3090,-3091,-3092,-3093,-3084,-3075,-3076,-3066,-3067,-3068,-3059,-3060,-3051,-3052,-3043,-3034,-3035,-3026,-3027,-3022,-3023,-3018,-3013,-3014,-3015,-3009,-3004,-3005,-3006,-3007,-3008,-3003,-2997,-2998,-2993,-2988,-2989,-2983,-2984,-2979,-2980,-2975,-2976,-2970,-2965,-2960,-2961,-2962,-2963,-2958,-2959,-2960,-2961,-2962,-2957,-2952,-2947,-2942,-2937,-2932,-2933,-2934,-2935,-2930,-2931,-2932,-2933,-2928,-2923,-2918,-2913,-2913,-2914,-2915,-2916,-2911,-2906,-2901,-2902,-2903,-2900,-2901,-2902,-2897,-2892,-2893,-2887,-2888,-2883,-2884,-2885,-2886,-2887,-2882,-2877,-2872,-2873,-2873,-2868,-2863,-2858,-2853,-2854,-2849,-2844,-2845,-2840,-2841,-2836,-2831,-2832,-2833,-2834,-2828,-2829,-2830,-2825,-2820,-2815,-2816,-2811,-2812,-2812,-2807,-2808,-2809,-2805,-2806,-2801,-2796,-2797,-2792,-2788,-2784,-2779,-2774,-2770,-2765,-2760,-2755,-2755,-2750,-2745,-2740,-2735,-2730,-2731,-2728,-2729,-2724,-2718,-2713,-2708,-2709,-2710,-2705,-2700,-2694,-2689,-2684,-2679,-2675,-2670,-2665,-2660,-2661,-2662,-2657,-2652,-2647,-2642,-2637,-2632,-2633,-2634,-2629,-2630,-2625,-2626,-2621,-2622,-2623,-2618,-2619,-2620,-2615,-2610,-2605,-2600,-2595,-2596,-2597,-2592,-2587,-2582,-2578,-2579,-2574,-2575,-2570,-2565,-2566,-2561,-2556,-2557,-2552,-2553,-2548,-2549,-2543,-2538,-2533,-2528,-2529,-2524,-2519,-2520,-2515,-2510,-2511,-2507,-2508,-2503,-2498,-2494,-2489,-2484,-2485,-2480,-2481,-2482,-2483,-2484,-2479,-2480,-2475,-2470,-2466,-2461,-2456,-2452,-2447,-2442,-2443,-2438,-2433,-2428,-2429,-2424,-2419,-2420,-2415,-2416,-2411,-2406,-2401,-2397,-2392,-2387,-2382,-2377,-2377,-2372,-2367,-2368,-2363,-2358,-2359,-2360,-2361,-2362,-2357,-2358,-2353,-2354,-2355,-2350,-2345,-2346,-2341,-2336,-2331,-2326,-2321,-2315,-2310,-2305,-2306,-2301,-2302,-2303,-2304,-2305,-2300,-2295,-2289,-2284,-2279,-2277,-2277,-2273,-2268,-2263,-2258,-2259,-2260,-2255,-2249,-2244,-2239,-2234,-2235,-2230,-2225,-2220,-2215,-2210,-2204,-2205,-2206,-2201,-2196,-2191,-2186,-2181,-2176,-2171,-2166,-2161,-2157,-2157,-2158,-2154,-2154,-2155,-2151,-2146,-2147,-2148,-2143,-2138,-2133,-2128,-2123,-2119,-2114,-2109,-2104,-2100,-2095,-2090,-2091,-2086,-2082,-2083,-2078,-2073,-2069,-2064,-2059,-2055,-2050,-2045,-2041,-2036,-2037,-2033,-2034,-2029,-2025,-2025,-2021,-2016,-2012,-2007,-2003,-1999,-1999,-1995,-1991,-1986,-1982,-1977,-1973,-1974,-1969,-1965,-1961,-1956,-1952,-1948,-1943,-1939,-1935,-1936,-1931,-1927,-1923,-1919,-1920,-1915,-1911,-1907,-1908,-1904,-1900,-1895,-1891,-1887,-1883,-1879,-1880,-1876,-1872,-1867,-1863,-1859,-1855,-1853,-1853,-1853,-1833,-1813,-1793,-1773,-1753,-1733,-1713,-1693,-1673,-1653,-1633,-1614,-1594,-1574,-1554,-1534,-1514,-1494,-1474,-1455,-1435,-1415,-1395,-1375,-1356,-1336,-1316,-1296,-1277,-1257,-1237,-1217,-1198,-1178,-1158,-1139,-1119,-1099,-1080,-1060,-1041,-1021,-1001,-982,-962,-963,-944,-924,-904,-885,-865,-846,-826,-807,-787,-768,-748,-729,-710,-690,-671,-651,-632,-613,-593,-574,-554,-535,-516,-496,-497,-478,-459,-439,-420,-401,-382,-362,-343,-324,-305,-286,-266,-247,-228,-209,-190,-170,-151,-132,-113,-94,-75,-56,-37,-18,0
-4081,-4082,-4083,-4084,-4085,-4086,-4087,-4088,-4089,-4090,-4091,-4092,-4093,-4094,-4095,-4096,-4097,-4098,-4099,-4100,-4101,-4102,-4103,-4104,-4104,-4105,-4106,-4107,-4108,-4109,-4110,-4111,-4112,-4113,-4114,-4115,-4116,-4117,-4118,-4119,-4120,-4121,-4122,-4123,-4124,-4125,-4126,-4127,-4128,-4128,-4129,-4130,-4131,-4132,-4133,-4134,-4135,-4136,-4137,-4126,-4127,-4128,-4129,-4117,-4118,-4119,-4120,-4108,-4109,-4109,-4110,-4111,-4112,-4113,-4114,-4115,-4116,-4117,-4118,-4119,-4120,-4121,-4122,-4123,-4124,-4125,-4126,-4127,-4128,-4129,-4130,-4131,-4132,-4133,-4133,-4134,-4122,-4123,-4124,-4125,-4126,-4127,-4115,-4104,-4105,-4106,-4107,-4108,-4109,-4110,-4111,-4112,-4113,-4114,-4114,-4115,-4116,-4117,-4118,-4119,-4120,-4121,-4109,-4110,-4111,-4100,-4100,-4101,-4102,-4091,-4092,-4081,-4082,-4083,-4071,-4072,-4073,-4074,-4075,-4076,-4077,-4078,-4079,-4080,-4080,-4081,-4082,-4083,-4071,-4060,-4061,-4062,-4063,-4063,-4052,-4053,-4054,-4055,-4055,-4056,-4057,-4058,-4059,-4060,-4061,-4062,-4063,-4064,-4065,-4053,-4054,-4055,-4056,-4057,-4058,-4059,-4060,-4061,-4062,-4063,-4064,-4065,-4053,-4054,-4055,-4056,-4057,-4058,-4059,-4060,-4049,-4049,-4050,-4051,-4052,-4053,-4054,-4055,-4056,-4045,-4046,-4047,-4048,-4036,-4025,-4014,-4002,-4003,-4004,-4005,-4006,-4007,-3996,-3984,-3973,-3974,-3975,-3963,-3952,-3940,-3941,-3942,-3943,-3944,-3933,-3934,-3923,-3924,-3912,-3901,-3902,-3903,-3903,-3892,-3893,-3894,-3895,-3896,-3897,-3898,-3899,-3900,-3901,-3889,-3890,-3891,-3880,-3881,-3882,-3870,-3871,-3872,-3864,-3864,-3865,-3866,-3867,-3863,-3852,-3840,-3841,-3842,-3831,-3832,-3832,-3833,-3834,-3835,-3836,-3837,-3838,-3839,-3840,-3841,-3842,-3843,-3844,-3833,-3834,-3835,-3823,-3824,-3825,-3826,-3827,-3828,-3817,-3806,-3795,-3796,-3784,-3785,-3786,-3787,-3788,-3789,-3790,-3779,-3780,-3781,-3770,-3771,-3772,-3773,-3774,-3763,-3764,-3753,-3754,-3755,-3744,-3745,-3746,-3747,-3748,-3749,-3750,-3751,-3751,-3752,-3742,-3743,-3743,-3744,-3734,-3735,-3736,-3737,-3726,-3727,-3716,-3705,-3706,-3707,-3708,-3697,-3687,-3676,-3665,-3666,-3667,-3657,-3658,-3647,-3636,-3637,-3627,-3628,-3629,-3630,-3631,-3620,-3621,-3622,-3623,-3624,-3613,-3614,-3615,-3616,-3606,-3607,-3596,-3597,-3598,-3599,-3589,-3590,-3591,-3580,-3570,-3571,-3561,-3562,-3551,-3541,-3542,-3543,-3533,-3534,-3535,-3536,-3525,-3515,-3516,-3506,-3496,-3486,-3475,-3465,-3466,-3456,-3446,-3447,-3448,-3449,-3450,-3451,-3452,-3442,-3443,-3432,-3433,-3434,-3424,-3425,-3426,-3416,-3417,-3418,-3419,-3420,-3421,-3422,-3412,-3402,-3403,-3393,-3394,-3384,-3385,-3386,-3387,-3388,-3378,-3379,-3380,-3381,-3372,-3373,-3363,-3353,-3354,-3355,-3356,-3357,-3347,-3348,-3339,-3329,-3319,-3310,-3311,-3311,-3312,-3303,-3293,-3294,-3285,-3286,-3287,-3288,-3278,-3279,-3280,-3270,-3261,-3251,-3242,-3233,-3223,-3214,-3204,-3195,-3185,-3186,-3187,-3178,-3179,-3170,-3170,-3161,-3152,-3142,-3133,-3124,-3125,-3116,-3117,-3107,-3098,-3099,-3100,-3101,-3102,-3103,-3094,-3084,-3085,-3076,-3077,-3078,-3069,-3070,-3061,-3062,-3053,-3044,-3045,-3036,-3037,-3036,-3037,-3032,-3026,-3027,-3028,-3023,-3018,-3019,-3020,-3021,-3022,-3016,-3011,-3012,-3007,-3002,-3002,-2997,-2998,-2993,-2994,-2988,-2989,-2984,-2979,-2975,-2976,-2977,-2977,-2972,-2973,-2974,-2975,-2976,-2971,-2966,-2961,-2956,-2951,-2946,-2947,-2948,-2949,-2944,-2945,-2946,-2947,-2942,-2937,-2932,-2926,-2927,-2928,-2929,-2930,-2925,-2920,-2917,-2918,-2919,-2914,-2915,-2916,-2911,-2906,-2907,-2901,-2902,-2897,-2898,-2899,-2900,-2901,-2896,-2891,-2885,-2886,-2887,-2883,-2877,-2872,-2867,-2868,-2863,-2858,-2859,-2854,-2855,-2850,-2844,-2845,-2846,-2847,-2842,-2843,-2844,-2839,-2834,-2829,-2830,-2825,-2826,-2827,-2822,-2823,-2824,-2819,-2820,-2815,-2810,-2811,-2807,-2803,-2798,-2793,-2789,-2784,-2779,-2774,-2769,-2769,-2764,-2759,-2754,-2750,-2746,-2747,-2742,-2743,-2737,-2732,-2727,-2722,-2723,-2724,-2719,-2714,-2708,-2703,-2698,-2694,-2689,-2684,-2679,-2674,-2675,-2676,-2671,-2666,-2661,-2656,-2651,-2646,-2647,-2648,-2644,-2644,-2639,-2640,-2635,-2636,-2637,-2632,-2633,-2634,-2629,-2624,-2619,-2614,-2609,-2610,-2611,-2606,-2601,-2597,-2592,-2593,-2588,-2589,-2584,-2579,-2580,-2575,-2570,-2571,-2566,-2567,-2562,-2563,-2557,-2552,-2547,-2542,-2543,-2538,-2533,-2534,-2529,-2525,-2526,-2521,-2522,-2517,-2513,-2508,-2503,-2498,-2499,-2494,-2495,-2496,-2497,-2498,-2493,-2494,-2489,-2485,-2480,-2475,-2471,-2466,-2461,-2456,-2457,-2452,-2447,-2443,-2443,-2438,-2433,-2434,-2429,-2430,-2425,-2420,-2416,-2411,-2406,-2401,-2396,-2390,-2391,-2386,-2381,-2382,-2377,-2372,-2373,-2374,-2375,-2376,-2371,-2372,-2367,-2368,-2369,-2364,-2359,-2360,-2355,-2350,-2345,-2340,-2334,-2329,-2324,-2319,-2320,-2315,-2316,-2317,-2318,-2319,-2314,-2308,-2303,-2298,-2296,-2296,-2292,-2287,-2282,-2277,-2272,-2273,-2274,-2269,-2263,-2258,-2253,-2248,-2249,-2244,-2239,-2234,-2229,-2224,-2218,-2219,-2220,-2215,-2210,-2205,-2200,-2195,-2190,-2185,-2181,-2176,-2171,-2172,-2173,-2168,-2169,-2170,-2165,-2160,-2161,-2162,-2157,-2152,-2147,-2143,-2138,-2133,-2128,-2123,-2119,-2114,-2109,-2104,-2105,-2101,-2096,-2097,-2092,-2088,-2083,-2078,-2074,-2069,-2065,-2060,-2055,-2051,-2052,-2047,-2048,-2044,-2039,-2040,-2036,-2031,-2027,-2022,-2018,-2013,-2014,-2010,-2005,-2001,-1996,-1992,-1988,-1989,-1984,-1980,-1975,-1971,-1967,-1962,-1958,-1954,-1950,-1951,-1946,-1942,-1938,-1934,-1934,-1930,-1926,-1922,-1923,-1919,-1914,-1910,-1906,-1902,-1898,-1894,-1895,-1891,-1887,-1882,-1878,-1874,-1872,-1872,-1872,-1852,-1832,-1812,-1792,-1772,-1752,-1732,-1712,-1692,-1672,-1653,-1633,-1613,-1593,-1573,-1553,-1533,-1513,-1494,-1474,-1454,-1434,-1414,-1394,-1375,-1355,-1335,-1315,-1296,-1276,-1256,-1236,-1217,-1197,-1177,-1158,-1138,-1118,-1099,-1079,-1060,-1040,-1020,-1001,-981,-962,-963,-943,-923,-904,-884,-865,-845,-826,-806,-787,-768,-748,-729,-709,-690,-670,-651,-632,-612,-593,-573,-554,-535,-515,-496,-497,-478,-459,-439,-420,-401,-381,-362,-343,-324,-305,-285,-266,-247,-228,-209,-189,-170,-151,-132,-113,-94,-75,-56,-37,-18,0
-4089,-4090,-4091,-4092,-4093,-4094,-4095,-4096,-4097,-4098,-4099,-4100,-4101,-4102,-4103,-4104,-4105,-4106,-4106,-4107,-4108,-4109,-4110,-4111,-4112,-4113,-4114,-4115,-4116,-4117,-4118,-4119,-4120,-4121,-4122,-4123,-4124,-4125,-4126,-4127,-4128,-4129,-4130,-4131,-4132,-4133,-4134,-4135,-4136,-4137,-4138,-4138,-4139,-4140,-4141,-4142,-4143,-4144,-4145,-4133,-4134,-4135,-4136,-4124,-4125,-4126,-4127,-4114,-4115,-4116,-4117,-4118,-4119,-4120,-4121,-4122,-4123,-4124,-4125,-4126,-4127,-4128,-4129,-4130,-4131,-4132,-4133,-4134,-4135,-4136,-4137,-4137,-4138,-4139,-4140,-4141,-4129,-4130,-4131,-4132,-4133,-4134,-4123,-4111,-4112,-4113,-4114,-4115,-4116,-4117,-4118,-4119,-4120,-4121,-4121,-4122,-4123,-4124,-4125,-4126,-4127,-4128,-4117,-4118,-4119,-4107,-4108,-4109,-4110,-4099,-4100,-4088,-4089,-4090,-4078,-4079,-4080,-4081,-4082,-4083,-4084,-4085,-4086,-4087,-4088,-4089,-4090,-4091,-4079,-4067,-4068,-4069,-4070,-4071,-4059,-4060,-4061,-4062,-4063,-4064,-4065,-4066,-4067,-4068,-4069,-4070,-4070,-4071,-4072,-4061,-4062,-4063,-4064,-4065,-4066,-4067,-4067,-4068,-4069,-4070,-4071,-4072,-4061,-4062,-4063,-4064,-4065,-4066,-4067,-4068,-4056,-4057,-4058,-4059,-4060,-4061,-4062,-4063,-4064,-4052,-4053,-4054,-4055,-4044,-4033,-4021,-4010,-4011,-4012,-4013,-4014,-4015,-4003,-3992,-3980,-3981,-3982,-3971,-3959,-3948,-3949,-3950,-3951,-3952,-3941,-3942,-3930,-3931,-3920,-3908,-3909,-3910,-3911,-3900,-3900,-3901,-3902,-3903,-3904,-3905,-3906,-3907,-3908,-3897,-3898,-3899,-3887,-3888,-3889,-3881,-3882,-3883,-3878,-3879,-3880,-3881,-3882,-3871,-3859,-3848,-3849,-3850,-3838,-3839,-3840,-3841,-3842,-3843,-3844,-3845,-3846,-3847,-3848,-3849,-3850,-3851,-3852,-3840,-3841,-3842,-3831,-3832,-3833,-3834,-3835,-3836,-3825,-3814,-3803,-3803,-3792,-3793,-3794,-3795,-3796,-3797,-3798,-3787,-3788,-3789,-3778,-3779,-3780,-3781,-3782,-3771,-3772,-3761,-3762,-3763,-3752,-3753,-3754,-3755,-3756,-3757,-3758,-3759,-3760,-3761,-3750,-3751,-3752,-3753,-3742,-3743,-3744,-3745,-3734,-3735,-3724,-3714,-3714,-3715,-3716,-3706,-3695,-3684,-3674,-3675,-3676,-3665,-3666,-3655,-3645,-3646,-3635,-3636,-3637,-3638,-3639,-3629,-3630,-3630,-3631,-3632,-3622,-3623,-3624,-3625,-3614,-3615,-3605,-3606,-3607,-3608,-3597,-3598,-3599,-3589,-3579,-3580,-3569,-3570,-3560,-3550,-3551,-3552,-3541,-3542,-3543,-3544,-3534,-3524,-3525,-3515,-3505,-3494,-3484,-3474,-3475,-3465,-3455,-3456,-3457,-3458,-3459,-3460,-3461,-3451,-3452,-3441,-3442,-3443,-3433,-3434,-3435,-3425,-3426,-3427,-3428,-3429,-3430,-3431,-3421,-3411,-3412,-3403,-3403,-3394,-3395,-3396,-3397,-3398,-3388,-3389,-3390,-3391,-3381,-3382,-3372,-3362,-3363,-3364,-3365,-3366,-3357,-3358,-3348,-3338,-3329,-3319,-3320,-3321,-3322,-3312,-3303,-3304,-3294,-3295,-3296,-3297,-3288,-3288,-3289,-3280,-3270,-3261,-3252,-3242,-3233,-3223,-3214,-3204,-3195,-3196,-3197,-3188,-3189,-3179,-3180,-3171,-3162,-3152,-3143,-3134,-3135,-3125,-3126,-3117,-3108,-3109,-3110,-3111,-3112,-3113,-3103,-3094,-3095,-3086,-3087,-3088,-3079,-3080,-3071,-3072,-3063,-3054,-3055,-3048,-3049,-3050,-3051,-3045,-3040,-3041,-3042,-3037,-3032,-3032,-3033,-3034,-3035,-3030,-3025,-3026,-3021,-3015,-3016,-3011,-3012,-3007,-3008,-3002,-3003,-2998,-2994,-2988,-2989,-2990,-2991,-2986,-2987,-2988,-2989,-2990,-2985,-2980,-2975,-2970,-2965,-2960,-2961,-2962,-2963,-2958,-2959,-2960,-2961,-2956,-2951,-2945,-2940,-2941,-2942,-2943,-2944,-2939,-2936,-2931,-2932,-2933,-2928,-2929,-2930,-2925,-2919,-2920,-2915,-2916,-2911,-2912,-2913,-2914,-2915,-2910,-2904,-2900,-2901,-2902,-2896,-2891,-2886,-2881,-2882,-2877,-2872,-2873,-2868,-2869,-2864,-2858,-2859,-2860,-2861,-2856,-2857,-2858,-2853,-2848,-2843,-2844,-2839,-2840,-2841,-2836,-2837,-2838,-2833,-2834,-2829,-2825,-2826,-2822,-2817,-2812,-2808,-2803,-2798,-2793,-2788,-2782,-2783,-2778,-2773,-2769,-2765,-2760,-2761,-2756,-2756,-2751,-2746,-2741,-2736,-2737,-2738,-2733,-2727,-2722,-2717,-2713,-2708,-2703,-2698,-2693,-2688,-2689,-2690,-2685,-2680,-2675,-2670,-2665,-2661,-2662,-2663,-2657,-2658,-2653,-2654,-2649,-2650,-2651,-2646,-2647,-2648,-2643,-2638,-2633,-2628,-2623,-2624,-2625,-2620,-2616,-2611,-2606,-2607,-2602,-2603,-2598,-2593,-2594,-2589,-2584,-2585,-2580,-2581,-2576,-2576,-2571,-2566,-2561,-2556,-2557,-2552,-2548,-2548,-2544,-2539,-2540,-2535,-2536,-2532,-2527,-2522,-2517,-2512,-2513,-2508,-2509,-2510,-2511,-2512,-2507,-2508,-2504,-2499,-2494,-2490,-2485,-2480,-2475,-2470,-2471,-2466,-2462,-2457,-2458,-2453,-2448,-2448,-2443,-2444,-2439,-2435,-2430,-2425,-2420,-2415,-2409,-2404,-2405,-2400,-2395,-2396,-2391,-2386,-2387,-2388,-2389,-2390,-2385,-2386,-2381,-2382,-2383,-2378,-2373,-2374,-2369,-2364,-2359,-2354,-2348,-2343,-2338,-2333,-2334,-2329,-2330,-2331,-2332,-2333,-2327,-2322,-2317,-2315,-2315,-2311,-2306,-2301,-2296,-2291,-2286,-2287,-2288,-2282,-2277,-2272,-2267,-2262,-2263,-2258,-2253,-2248,-2243,-2238,-2232,-2233,-2234,-2229,-2224,-2219,-2214,-2209,-2205,-2200,-2195,-2190,-2185,-2186,-2187,-2182,-2183,-2184,-2179,-2174,-2175,-2176,-2171,-2166,-2162,-2157,-2152,-2147,-2142,-2138,-2133,-2128,-2124,-2119,-2120,-2115,-2110,-2111,-2107,-2102,-2097,-2093,-2088,-2084,-2079,-2074,-2070,-2065,-2066,-2062,-2063,-2058,-2054,-2055,-2050,-2046,-2041,-2037,-2032,-2028,-2029,-2024,-2020,-2015,-2011,-2007,-2002,-2003,-1999,-1994,-1990,-1986,-1981,-1977,-1973,-1969,-1964,-1965,-1961,-1957,-1953,-1948,-1949,-1945,-1941,-1937,-1938,-1933,-1929,-1925,-1921,-1917,-1913,-1909,-1910,-1906,-1901,-1897,-1893,-1891,-1891,-1891,-1871,-1851,-1831,-1811,-1791,-1771,-1751,-1731,-1711,-1691,-1672,-1652,-1632,-1612,-1592,-1572,-1552,-1532,-1513,-1493,-1473,-1453,-1433,-1413,-1394,-1374,-1354,-1334,-1315,-1295,-1275,-1256,-1236,-1216,-1196,-1177,-1157,-1137,-1118,-1098,-1079,-1059,-1039,-1020,-1000,-981,-961,-962,-943,-923,-903,-884,-864,-845,-825,-806,-787,-767,-748,-728,-709,-689,-670,-651,-631,-612,-592,-573,-554,-534,-515,-496,-497,-478,-458,-439,-420,-400,-381,-362,-343,-324,-304,-285,-266,-247,-228,-209,-189,-170,-151,-132,-113,-94,-75,-56,-37,-18,0
-4095,-4096,-4097,-4098,-4099,-4100,-4101,-4102,-4103,-4104,-4105,-4106,-4107,-4108,-4109,-4110,-4111,-4112,-4113,-4114,-4115,-4116,-4117,-4118,-4119,-4120,-4121,-4122,-4123,-4124,-4125,-4126,-4127,-4128,-4129,-4130,-4131,-4132,-4133,-4134,-4135,-4136,-4137,-4138,-4139,-4139,-4140,-4141,-4142,-4143,-4144,-4145,-4146,-4147,-4148,-4149,-4150,-4151,-4152,-4140,-4141,-4142,-4143,-4130,-4131,-4132,-4133,-4121,-4122,-4123,-4124,-4125,-4126,-4127,-4128,-4129,-4130,-4131,-4132,-4133,-4134,-4135,-4136,-4136,-4137,-4138,-4139,-4140,-4141,-4142,-4143,-4144,-4145,-4146,-4147,-4148,-4137,-4138,-4139,-4140,-4141,-4142,-4130,-4118,-4119,-4120,-4121,-4122,-4123,-4124,-4125,-4126,-4127,-4128,-4129,-4130,-4131,-4132,-4133,-4134,-4135,-4136,-4125,-4126,-4126,-4115,-4116,-4117,-4118,-4106,-4107,-4095,-4096,-4097,-4085,-4086,-4087,-4088,-4089,-4090,-4091,-4092,-4093,-4094,-4095,-4096,-4097,-4098,-4086,-4074,-4075,-4076,-4077,-4078,-4066,-4067,-4068,-4069,-4070,-4071,-4072,-4073,-4074,-4075,-4076,-4077,-4078,-4079,-4080,-4068,-4069,-4070,-4071,-4072,-4073,-4074,-4075,-4076,-4077,-4078,-4079,-4080,-4068,-4069,-4070,-4071,-4072,-4073,-4074,-4075,-4063,-4064,-4065,-4066,-4067,-4068,-4069,-4070,-4071,-4060,-4061,-4062,-4063,-4052,-4040,-4029,-4017,-4018,-4019,-4020,-4021,-4022,-4011,-3999,-3988,-3989,-3990,-3978,-3967,-3956,-3957,-3958,-3959,-3960,-3948,-3949,-3938,-3939,-3927,-3916,-3917,-3918,-3919,-3907,-3908,-3909,-3910,-3911,-3912,-3913,-3914,-3915,-3916,-3904,-3905,-3906,-3898,-3899,-3900,-3895,-3896,-3897,-3886,-3887,-3888,-3889,-3890,-3878,-3867,-3855,-3856,-3857,-3846,-3847,-3848,-3849,-3850,-3851,-3852,-3853,-3854,-3855,-3856,-3857,-3858,-3859,-3859,-3848,-3849,-3850,-3839,-3840,-3841,-3842,-3843,-3844,-3833,-3822,-3810,-3811,-3800,-3801,-3802,-3803,-3804,-3805,-3806,-3795,-3796,-3797,-3786,-3787,-3788,-3789,-3790,-3779,-3780,-3769,-3770,-3771,-3760,-3761,-3762,-3763,-3764,-3765,-3766,-3767,-3768,-3769,-3758,-3759,-3760,-3761,-3750,-3751,-3752,-3753,-3742,-3743,-3733,-3722,-3723,-3724,-3725,-3714,-3703,-3693,-3682,-3683,-3684,-3673,-3674,-3664,-3653,-3654,-3644,-3645,-3646,-3647,-3648,-3637,-3638,-3639,-3640,-3641,-3630,-3631,-3632,-3633,-3623,-3624,-3614,-3615,-3616,-3617,-3606,-3607,-3608,-3598,-3587,-3588,-3578,-3579,-3569,-3559,-3559,-3560,-3550,-3551,-3552,-3553,-3543,-3533,-3534,-3524,-3513,-3503,-3493,-3483,-3484,-3474,-3464,-3465,-3466,-3467,-3468,-3469,-3470,-3460,-3461,-3450,-3451,-3452,-3442,-3443,-3444,-3434,-3435,-3436,-3437,-3438,-3439,-3440,-3430,-3421,-3422,-3412,-3413,-3403,-3404,-3405,-3406,-3407,-3397,-3398,-3399,-3400,-3390,-3391,-3381,-3372,-3373,-3374,-3375,-3376,-3366,-3367,-3357,-3348,-3338,-3328,-3329,-3330,-3331,-3322,-3312,-3313,-3304,-3305,-3306,-3307,-3297,-3298,-3299,-3289,-3280,-3271,-3261,-3252,-3242,-3233,-3223,-3214,-3205,-3206,-3207,-3197,-3198,-3189,-3190,-3181,-3171,-3162,-3153,-3143,-3144,-3135,-3136,-3127,-3118,-3119,-3120,-3121,-3121,-3122,-3113,-3104,-3105,-3096,-3097,-3098,-3089,-3090,-3081,-3082,-3073,-3066,-3067,-3061,-3062,-3063,-3064,-3059,-3054,-3055,-3056,-3051,-3045,-3046,-3047,-3048,-3049,-3044,-3039,-3040,-3034,-3029,-3030,-3025,-3026,-3020,-3021,-3016,-3017,-3013,-3007,-3002,-3003,-3004,-3005,-3000,-3001,-3002,-3003,-3004,-2999,-2994,-2989,-2984,-2979,-2974,-2975,-2976,-2977,-2972,-2973,-2974,-2975,-2970,-2964,-2959,-2955,-2955,-2956,-2957,-2958,-2955,-2950,-2945,-2946,-2947,-2942,-2943,-2944,-2938,-2933,-2934,-2929,-2930,-2925,-2926,-2927,-2928,-2929,-2924,-2919,-2913,-2914,-2915,-2910,-2905,-2900,-2895,-2896,-2891,-2886,-2887,-2882,-2883,-2877,-2872,-2873,-2874,-2875,-2870,-2871,-2872,-2867,-2862,-2857,-2858,-2853,-2854,-2855,-2850,-2851,-2852,-2847,-2848,-2845,-2840,-2841,-2836,-2831,-2827,-2822,-2817,-2812,-2807,-2801,-2796,-2797,-2792,-2788,-2784,-2779,-2774,-2775,-2769,-2770,-2765,-2760,-2755,-2750,-2751,-2752,-2746,-2741,-2736,-2732,-2727,-2722,-2717,-2712,-2707,-2702,-2703,-2704,-2699,-2694,-2689,-2684,-2680,-2675,-2676,-2676,-2671,-2672,-2667,-2668,-2663,-2664,-2665,-2660,-2661,-2662,-2657,-2652,-2647,-2642,-2637,-2638,-2639,-2635,-2630,-2625,-2620,-2621,-2616,-2617,-2612,-2607,-2608,-2603,-2598,-2599,-2594,-2595,-2589,-2590,-2585,-2580,-2575,-2570,-2571,-2567,-2562,-2563,-2558,-2554,-2554,-2550,-2551,-2546,-2541,-2536,-2531,-2526,-2527,-2522,-2523,-2524,-2525,-2526,-2522,-2523,-2518,-2513,-2509,-2504,-2499,-2494,-2489,-2484,-2485,-2481,-2476,-2471,-2472,-2467,-2462,-2463,-2457,-2458,-2454,-2449,-2444,-2439,-2434,-2429,-2423,-2418,-2419,-2414,-2409,-2410,-2405,-2400,-2401,-2402,-2403,-2404,-2399,-2400,-2395,-2396,-2397,-2392,-2387,-2388,-2383,-2378,-2373,-2367,-2362,-2357,-2352,-2347,-2348,-2343,-2344,-2345,-2346,-2347,-2341,-2336,-2334,-2334,-2330,-2325,-2320,-2315,-2310,-2305,-2299,-2300,-2301,-2296,-2291,-2286,-2281,-2276,-2277,-2272,-2267,-2262,-2257,-2251,-2246,-2247,-2248,-2243,-2238,-2233,-2228,-2224,-2219,-2214,-2209,-2204,-2199,-2200,-2201,-2196,-2197,-2198,-2193,-2188,-2189,-2190,-2185,-2181,-2176,-2171,-2166,-2161,-2157,-2152,-2147,-2143,-2138,-2133,-2134,-2129,-2125,-2126,-2121,-2116,-2112,-2107,-2103,-2098,-2093,-2089,-2084,-2080,-2081,-2076,-2077,-2073,-2068,-2069,-2065,-2060,-2056,-2051,-2047,-2042,-2043,-2039,-2034,-2030,-2026,-2021,-2017,-2018,-2014,-2009,-2005,-2001,-1996,-1992,-1988,-1983,-1979,-1980,-1976,-1972,-1967,-1963,-1964,-1960,-1956,-1952,-1952,-1948,-1944,-1940,-1936,-1932,-1928,-1924,-1925,-1920,-1916,-1912,-1910,-1910,-1910,-1890,-1870,-1850,-1830,-1810,-1790,-1770,-1750,-1730,-1710,-1691,-1671,-1651,-1631,-1611,-1591,-1571,-1551,-1532,-1512,-1492,-1472,-1452,-1433,-1413,-1393,-1373,-1353,-1334,-1314,-1294,-1275,-1255,-1235,-1215,-1196,-1176,-1156,-1137,-1117,-1098,-1078,-1058,-1039,-1019,-1000,-980,-961,-962,-942,-922,-903,-883,-864,-844,-825,-806,-786,-767,-747,-728,-708,-689,-670,-650,-631,-612,-592,-573,-554,-534,-515,-496,-497,-477,-458,-439,-419,-400,-381,-362,-343,-323,-304,-285,-266,-247,-228,-208,-189,-170,-151,-132,-113,-94,-75,-56,-37,-18,0
-4101,-4102,-4103,-4104,-4105,-4106,-4107,-4108,-4109,-4110,-4111,-4112,-4113,-4114,-4115,-4116,-4117,-4118,-4119,-4120,-4121,-4122,-4123,-4124,-4125,-4126,-4127,-4128,-4129,-4130,-4131,-4132,-4133,-4134,-4135,-4136,-4137,-4138,-4139,-4140,-4141,-4142,-4143,-4144,-4145,-4146,-4147,-4148,-4149,-4150,-4151,-4152,-4153,-4154,-4155,-4156,-4157,-4158,-4159,-4146,-4147,-4148,-4149,-4137,-4138,-4139,-4140,-4128,-4129,-4130,-4131,-4132,-4133,-4134,-4135,-4136,-4137,-4138,-4139,-4140,-4141,-4142,-4143,-4144,-4145,-4146,-4147,-4148,-4149,-4150,-4151,-4152,-4153,-4154,-4155,-4156,-4144,-4145,-4146,-4147,-4148,-4149,-4137,-4126,-4127,-4128,-4129,-4130,-4131,-4132,-4133,-4134,-4135,-4136,-4137,-4138,-4139,-4140,-4141,-4142,-4143,-4144,-4132,-4133,-4134,-4122,-4123,-4124,-4125,-4113,-4114,-4102,-4103,-4104,-4092,-4093,-4094,-4095,-4096,-4097,-4098,-4099,-4100,-4101,-4102,-4103,-4104,-4105,-4093,-4081,-4082,-4083,-4084,-4085,-4073,-4074,-4075,-4076,-4077,-4078,-4079,-4080,-4081,-4082,-4083,-4084,-4085,-4086,-4087,-4075,-4076,-4077,-4078,-4079,-4080,-4081,-4082,-4083,-4084,-4085,-4086,-4087,-4076,-4077,-4078,-4079,-4080,-4080,-4081,-4082,-4071,-4072,-4073,-4074,-4075,-4076,-4077,-4078,-4079,-4068,-4069,-4070,-4071,-4059,-4048,-4036,-4025,-4026,-4027,-4028,-4029,-4030,-4018,-4007,-3996,-3997,-3997,-3986,-3975,-3963,-3964,-3965,-3966,-3967,-3956,-3957,-3945,-3946,-3935,-3923,-3924,-3925,-3926,-3914,-3915,-3916,-3917,-3918,-3919,-3920,-3921,-3922,-3923,-3915,-3916,-3917,-3912,-3913,-3914,-3903,-3904,-3905,-3893,-3894,-3895,-3896,-3897,-3886,-3874,-3863,-3864,-3865,-3853,-3854,-3855,-3856,-3857,-3858,-3859,-3860,-3861,-3862,-3863,-3864,-3865,-3866,-3867,-3856,-3857,-3858,-3847,-3848,-3849,-3850,-3851,-3852,-3841,-3829,-3818,-3819,-3808,-3809,-3810,-3811,-3812,-3813,-3814,-3803,-3804,-3805,-3794,-3795,-3796,-3797,-3798,-3787,-3788,-3777,-3778,-3779,-3768,-3769,-3770,-3771,-3772,-3773,-3774,-3775,-3776,-3777,-3766,-3767,-3768,-3769,-3758,-3759,-3760,-3761,-3751,-3752,-3741,-3730,-3731,-3732,-3733,-3722,-3712,-3701,-3690,-3691,-3692,-3682,-3683,-3672,-3662,-3663,-3652,-3653,-3654,-3655,-3656,-3646,-3647,-3648,-3649,-3650,-3639,-3640,-3641,-3642,-3632,-3633,-3622,-3623,-3624,-3625,-3615,-3616,-3617,-3606,-3596,-3597,-3587,-3588,-3578,-3567,-3568,-3569,-3559,-3560,-3561,-3562,-3552,-3542,-3543,-3532,-3522,-3512,-3502,-3492,-3493,-3483,-3473,-3474,-3475,-3476,-3477,-3478,-3479,-3469,-3469,-3459,-3460,-3461,-3451,-3452,-3453,-3444,-3445,-3445,-3446,-3447,-3448,-3449,-3440,-3430,-3431,-3421,-3422,-3412,-3413,-3414,-3415,-3416,-3406,-3407,-3408,-3409,-3399,-3400,-3391,-3381,-3382,-3383,-3384,-3385,-3375,-3376,-3367,-3357,-3347,-3338,-3339,-3340,-3341,-3331,-3322,-3323,-3313,-3314,-3315,-3316,-3307,-3308,-3309,-3299,-3290,-3280,-3271,-3261,-3252,-3242,-3233,-3224,-3214,-3215,-3216,-3207,-3208,-3199,-3200,-3190,-3181,-3172,-3162,-3153,-3154,-3145,-3146,-3137,-3127,-3128,-3129,-3130,-3131,-3132,-3123,-3114,-3115,-3106,-3107,-3108,-3099,-3100,-3091,-3092,-3085,-3079,-3080,-3075,-3076,-3077,-3078,-3073,-3068,-3069,-3070,-3064,-3059,-3060,-3061,-3062,-3063,-3058,-3052,-3053,-3048,-3043,-3044,-3038,-3039,-3034,-3035,-3031,-3032,-3026,-3021,-3016,-3017,-3018,-3019,-3014,-3015,-3016,-3017,-3018,-3013,-3008,-3003,-2998,-2993,-2988,-2989,-2990,-2991,-2986,-2987,-2988,-2989,-2983,-2978,-2974,-2970,-2971,-2972,-2973,-2974,-2969,-2964,-2959,-2960,-2961,-2955,-2956,-2957,-2952,-2947,-2948,-2943,-2944,-2939,-2940,-2941,-2942,-2943,-2938,-2932,-2927,-2928,-2929,-2924,-2919,-2914,-2909,-2910,-2905,-2900,-2901,-2895,-2896,-2891,-2886,-2887,-2888,-2889,-2884,-2885,-2886,-2881,-2876,-2871,-2872,-2867,-2868,-2869,-2864,-2865,-2866,-2863,-2864,-2859,-2854,-2855,-2850,-2846,-2841,-2836,-2831,-2826,-2821,-2815,-2810,-2811,-2807,-2803,-2798,-2793,-2787,-2788,-2783,-2784,-2779,-2774,-2769,-2763,-2764,-2765,-2760,-2755,-2751,-2746,-2741,-2736,-2731,-2726,-2721,-2716,-2717,-2718,-2713,-2708,-2703,-2699,-2694,-2688,-2689,-2690,-2685,-2686,-2681,-2682,-2677,-2678,-2679,-2674,-2675,-2676,-2671,-2666,-2661,-2656,-2652,-2653,-2654,-2649,-2644,-2639,-2634,-2635,-2630,-2631,-2626,-2621,-2622,-2617,-2612,-2613,-2607,-2608,-2603,-2604,-2599,-2594,-2589,-2585,-2586,-2581,-2576,-2577,-2573,-2568,-2569,-2564,-2565,-2560,-2555,-2550,-2545,-2540,-2541,-2537,-2538,-2539,-2540,-2541,-2536,-2537,-2532,-2528,-2523,-2518,-2513,-2508,-2503,-2499,-2500,-2495,-2490,-2485,-2486,-2481,-2476,-2477,-2472,-2473,-2468,-2463,-2458,-2453,-2448,-2442,-2437,-2432,-2433,-2428,-2423,-2424,-2419,-2414,-2415,-2416,-2417,-2418,-2413,-2414,-2409,-2410,-2411,-2406,-2401,-2402,-2397,-2392,-2386,-2381,-2376,-2371,-2366,-2361,-2362,-2356,-2357,-2358,-2359,-2360,-2355,-2353,-2353,-2349,-2344,-2339,-2334,-2329,-2324,-2318,-2313,-2314,-2315,-2310,-2305,-2300,-2295,-2290,-2291,-2286,-2281,-2276,-2271,-2265,-2260,-2261,-2262,-2257,-2252,-2247,-2243,-2238,-2233,-2228,-2223,-2218,-2213,-2214,-2215,-2210,-2211,-2212,-2207,-2202,-2203,-2204,-2200,-2195,-2190,-2185,-2180,-2176,-2171,-2166,-2162,-2157,-2152,-2147,-2148,-2144,-2139,-2140,-2135,-2131,-2126,-2122,-2117,-2112,-2108,-2103,-2099,-2094,-2095,-2091,-2092,-2087,-2083,-2084,-2079,-2075,-2070,-2066,-2061,-2057,-2058,-2053,-2049,-2045,-2040,-2036,-2032,-2033,-2028,-2024,-2020,-2015,-2011,-2007,-2002,-1998,-1994,-1995,-1991,-1986,-1982,-1978,-1979,-1975,-1971,-1966,-1967,-1963,-1959,-1955,-1951,-1947,-1943,-1938,-1939,-1935,-1931,-1929,-1929,-1929,-1909,-1889,-1869,-1849,-1829,-1809,-1789,-1769,-1749,-1729,-1710,-1690,-1670,-1650,-1630,-1610,-1590,-1570,-1551,-1531,-1511,-1491,-1471,-1452,-1432,-1412,-1392,-1372,-1353,-1333,-1313,-1294,-1274,-1254,-1234,-1215,-1195,-1176,-1156,-1136,-1117,-1097,-1077,-1058,-1038,-1019,-999,-980,-960,-961,-941,-922,-902,-883,-864,-844,-825,-805,-786,-766,-747,-727,-708,-689,-669,-650,-631,-611,-592,-573,-553,-534,-515,-495,-496,-477,-458,-438,-419,-400,-381,-362,-342,-323,-304,-285,-266,-247,-227,-208,-189,-170,-151,-132,-113,-94,-75,-56,-37,-18,0
-4101,-4102,-4103,-4104,-4105,-4106,-4107,-4108,-4109,-4110,-4111,-4112,-4113,-4114,-4115,-4116,-4117,-4118,-4119,-4120,-4121,-4122,-4123,-4124,-4125,-4126,-4127,-4128,-4129,-4130,-4131,-4132,-4133,-4134,-4135,-4136,-4137,-4138,-4139,-4140,-4141,-4142,-4143,-4144,-4145,-4146,-4147,-4148,-4149,-4150,-4151,-4152,-4153,-4154,-4155,-4156,-4157,-4158,-4165,-4146,-4147,-4148,-4156,-4137,-4138,-4139,-4147,-4128,-4129,-4130,-4131,-4132,-4133,-4134,-4135,-4136,-4137,-4138,-4139,-4140,-4141,-4142,-4143,-4144,-4145,-4146,-4147,-4148,-4149,-4150,-4151,-4152,-4153,-4154,-4155,-4163,-4144,-4145,-4146,-4147,-4148,-4156,-4145,-4126,-4127,-4128,-4129,-4130,-4131,-4132,-4133,-4134,-4135,-4136,-4137,-4138,-4139,-4140,-4141,-4142,-4143,-4151,-4132,-4133,-4141,-4122,-4123,-4124,-4132,-4113,-4121,-4102,-4103,-4111,-4092,-4093,-4094,-4095,-4096,-4097,-4098,-4099,-4100,-4101,-4102,-4103,-4104,-4112,-4100,-4081,-4082,-4083,-4084,-4092,-4073,-4074,-4075,-4076,-4077,-4078,-4079,-4080,-4081,-4082,-4083,-4084,-4085,-4086,-4094,-4075,-4076,-4077,-4078,-4079,-4080,-4081,-4082,-4083,-4084,-4085,-4086,-4095,-4076,-4077,-4078,-4079,-4080,-4080,-4081,-4090,-4071,-4072,-4073,-4074,-4075,-4076,-4077,-4078,-4087,-4068,-4069,-4070,-4078,-4067,-4055,-4044,-4025,-4026,-4027,-4028,-4029,-4037,-4026,-4015,-3996,-3997,-4005,-3994,-3982,-3963,-3964,-3965,-3966,-3975,-3956,-3964,-3945,-3954,-3942,-3923,-3924,-3925,-3933,-3914,-3915,-3916,-3917,-3918,-3919,-3920,-3921,-3922,-3934,-3915,-3916,-3931,-3912,-3913,-3922,-3903,-3904,-3912,-3893,-3894,-3895,-3896,-3905,-3893,-3882,-3863,-3864,-3872,-3853,-3854,-3855,-3856,-3857,-3858,-3859,-3860,-3861,-3862,-3863,-3864,-3865,-3866,-3875,-3856,-3857,-3866,-3847,-3848,-3849,-3850,-3851,-3860,-3848,-3837,-3818,-3827,-3808,-3809,-3810,-3811,-3812,-3813,-3822,-3803,-3804,-3813,-3794,-3795,-3796,-3797,-3806,-3787,-3796,-3777,-3778,-3787,-3768,-3769,-3770,-3771,-3772,-3773,-3774,-3775,-3776,-3785,-3766,-3767,-3768,-3777,-3758,-3759,-3760,-3770,-3751,-3760,-3749,-3730,-3731,-3732,-3741,-3731,-3720,-3709,-3690,-3691,-3701,-3682,-3691,-3681,-3662,-3671,-3652,-3653,-3654,-3655,-3665,-3646,-3647,-3648,-3649,-3658,-3639,-3640,-3641,-3651,-3632,-3641,-3622,-3623,-3624,-3634,-3615,-3616,-3625,-3615,-3596,-3606,-3587,-3597,-3586,-3567,-3568,-3578,-3559,-3560,-3561,-3571,-3561,-3542,-3551,-3541,-3531,-3521,-3511,-3492,-3502,-3492,-3473,-3474,-3475,-3476,-3477,-3478,-3488,-3469,-3478,-3459,-3460,-3470,-3451,-3452,-3463,-3444,-3445,-3445,-3446,-3447,-3448,-3459,-3449,-3430,-3440,-3421,-3431,-3412,-3413,-3414,-3415,-3425,-3406,-3407,-3408,-3418,-3399,-3410,-3400,-3381,-3382,-3383,-3384,-3394,-3375,-3386,-3376,-3366,-3357,-3338,-3339,-3340,-3350,-3341,-3322,-3332,-3313,-3314,-3315,-3326,-3307,-3308,-3318,-3309,-3299,-3290,-3280,-3271,-3261,-3252,-3243,-3233,-3214,-3215,-3226,-3207,-3218,-3199,-3209,-3200,-3191,-3181,-3172,-3153,-3164,-3145,-3156,-3146,-3127,-3128,-3129,-3130,-3131,-3142,-3133,-3114,-3125,-3106,-3107,-3118,-3099,-3110,-3091,-3104,-3098,-3079,-3094,-3075,-3076,-3077,-3092,-3087,-3068,-3069,-3083,-3078,-3059,-3060,-3061,-3062,-3077,-3071,-3052,-3067,-3062,-3043,-3057,-3038,-3053,-3034,-3050,-3031,-3045,-3040,-3035,-3016,-3017,-3018,-3033,-3014,-3015,-3016,-3017,-3032,-3027,-3022,-3017,-3012,-3007,-2988,-2989,-2990,-3005,-2986,-2987,-2988,-3002,-2997,-2993,-2989,-2970,-2971,-2972,-2973,-2988,-2983,-2978,-2959,-2960,-2974,-2955,-2956,-2971,-2966,-2947,-2962,-2943,-2958,-2939,-2940,-2941,-2942,-2957,-2951,-2946,-2927,-2928,-2943,-2938,-2933,-2928,-2909,-2924,-2919,-2900,-2914,-2895,-2910,-2905,-2886,-2887,-2888,-2903,-2884,-2885,-2900,-2895,-2890,-2871,-2886,-2867,-2868,-2883,-2864,-2865,-2882,-2863,-2878,-2873,-2854,-2869,-2865,-2860,-2855,-2850,-2845,-2840,-2834,-2829,-2810,-2826,-2822,-2817,-2812,-2806,-2787,-2802,-2783,-2798,-2793,-2788,-2782,-2763,-2764,-2779,-2774,-2770,-2765,-2760,-2755,-2750,-2745,-2740,-2735,-2716,-2717,-2732,-2727,-2722,-2718,-2713,-2707,-2688,-2689,-2704,-2685,-2700,-2681,-2696,-2677,-2678,-2693,-2674,-2675,-2690,-2685,-2680,-2675,-2671,-2652,-2653,-2668,-2663,-2658,-2653,-2634,-2649,-2630,-2645,-2640,-2621,-2636,-2631,-2612,-2626,-2607,-2622,-2603,-2618,-2613,-2608,-2604,-2585,-2600,-2595,-2576,-2592,-2587,-2568,-2583,-2564,-2579,-2574,-2569,-2564,-2559,-2540,-2556,-2537,-2538,-2539,-2540,-2555,-2536,-2551,-2547,-2542,-2537,-2532,-2527,-2522,-2518,-2499,-2514,-2509,-2504,-2485,-2500,-2495,-2476,-2491,-2472,-2487,-2482,-2477,-2472,-2467,-2461,-2456,-2451,-2432,-2447,-2442,-2423,-2438,-2433,-2414,-2415,-2416,-2417,-2432,-2413,-2428,-2409,-2410,-2425,-2420,-2401,-2416,-2411,-2405,-2400,-2395,-2390,-2385,-2380,-2361,-2375,-2356,-2357,-2358,-2359,-2374,-2372,-2372,-2368,-2363,-2358,-2353,-2348,-2343,-2337,-2332,-2313,-2314,-2329,-2324,-2319,-2314,-2309,-2290,-2305,-2300,-2295,-2290,-2284,-2279,-2260,-2261,-2276,-2271,-2266,-2262,-2257,-2252,-2247,-2242,-2237,-2232,-2213,-2214,-2229,-2210,-2211,-2226,-2221,-2202,-2203,-2219,-2214,-2209,-2204,-2199,-2195,-2190,-2185,-2181,-2176,-2171,-2166,-2147,-2163,-2158,-2139,-2154,-2150,-2145,-2141,-2136,-2131,-2127,-2122,-2118,-2113,-2094,-2110,-2091,-2106,-2102,-2083,-2098,-2094,-2089,-2085,-2080,-2076,-2057,-2072,-2068,-2064,-2059,-2055,-2051,-2032,-2047,-2043,-2039,-2034,-2030,-2026,-2021,-2017,-2013,-1994,-2010,-2005,-2001,-1997,-1978,-1994,-1990,-1985,-1966,-1982,-1978,-1974,-1970,-1966,-1962,-1957,-1938,-1954,-1950,-1948,-1948,-1948,-1928,-1908,-1888,-1868,-1848,-1828,-1808,-1788,-1768,-1748,-1729,-1709,-1689,-1669,-1649,-1629,-1609,-1589,-1570,-1550,-1530,-1510,-1490,-1471,-1451,-1431,-1411,-1391,-1372,-1352,-1332,-1313,-1293,-1273,-1253,-1234,-1214,-1195,-1175,-1155,-1136,-1116,-1096,-1077,-1057,-1038,-1018,-999,-979,-959,-960,-941,-921,-902,-883,-863,-844,-824,-805,-785,-766,-746,-727,-708,-688,-669,-650,-630,-611,-592,-572,-553,-534,-514,-495,-496,-477,-457,-438,-419,-400,-381,-361,-342,-323,-304,-285,-266,-246,-227,-208,-189,-170,-151,-132,-113,-94,-75,-56,-37,-18,0
